Date,Open,High,Low,Close,Adj Close,Volume,% Return,% YTD
2022-09-30,11123.099609375,11296.1572265625,11033.880859375,11045.572265625,11045.572265625,739664760,,-76.9552009581045
2022-09-29,11334.5703125,11339.91015625,11038.9404296875,11164.7802734375,11164.7802734375,4516630000,1.0792379511515904,-77.20125368076842
2022-09-28,11258.740234375,11546.8701171875,11210.8095703125,11493.830078125,11493.830078125,97960000,2.9472125436301955,-77.85394499188678
2022-09-27,11411.33984375,11502.3798828125,11175.2900390625,11271.75,11271.75,4445050000,-1.9321677510063529,-77.41761544001042
2022-09-26,11283.1396484375,11473.3603515625,11235.740234375,11254.1103515625,11254.1103515625,4697730000,-0.15649431931599178,-77.38221989899698
2022-09-23,11398.75,11402.41015625,11169.66015625,11311.240234375,11311.240234375,5134350000,0.5076357084464522,-77.49645592439074
2022-09-22,11574.3203125,11617.990234375,11448.8603515625,11501.650390625,11501.650390625,4916470000,1.6833711627071812,-77.86900275011483
2022-09-21,11892.7197265625,12062.51953125,11636.25,11637.7900390625,11637.7900390625,4471000000,1.183653161188647,-78.12789264029654
2022-09-20,11855.83984375,11951.1298828125,11761.6904296875,11851.5400390625,11851.5400390625,4028100000,1.8366889184505242,-78.52236989242812
2022-09-19,11753.599609375,11956.7900390625,11752.4296875,11953.26953125,11953.26953125,4168670000,0.8583651732365638,-78.70515740495948
2022-09-16,11775.9404296875,11875.08984375,11710.259765625,11861.3798828125,11861.3798828125,7451840000,-0.7687407047692552,-78.54018708793713
2022-09-15,12034.4296875,12153.33984375,11867.8798828125,11927.490234375,11927.490234375,4805910000,0.5573580158097391,-78.65913212567803
2022-09-14,12092.0302734375,12170.25,12016.4296875,12134.400390625,12134.400390625,4861530000,1.7347333947395294,-79.02302668694519
2022-09-13,12364.830078125,12420.009765625,12004.419921875,12033.6201171875,12033.6201171875,5188380000,-0.8305336085280501,-78.84734679296538
2022-09-12,12649.23046875,12752.830078125,12639.759765625,12739.7197265625,12739.7197265625,4146680000,5.8677239475632526,-80.01973366546387
2022-09-09,12424.150390625,12610.4296875,12424.150390625,12588.2900390625,12588.2900390625,81940000,-1.1886422209451464,-79.77938287295616
2022-09-08,12139.5703125,12374.1298828125,12120.259765625,12321.1904296875,12321.1904296875,83630000,-2.1218100992761335,-79.34103895101325
2022-09-07,12038.1796875,12298.1201171875,12026.98046875,12259.3896484375,12259.3896484375,81560000,-0.501581252255412,-79.23689510949634
2022-09-06,12106.5703125,12152.419921875,11928.8095703125,12011.3095703125,12011.3095703125,82660000,-2.0235924074459843,-78.8080565508695
2022-09-02,12392.4599609375,12451.2802734375,12035.5302734375,12098.4404296875,12098.4404296875,85400000,0.7254068248341072,-78.96067723411213
2022-09-01,12158.8798828125,12290.330078125,12012.98046875,12274.6201171875,12274.6201171875,405310000,1.4562181673241525,-79.2626581732139
2022-08-31,12448.0703125,12502.150390625,12268.080078125,12272.0302734375,12272.0302734375,4911500000,-0.021099176392214147,-79.25828184151285
2022-08-30,12562.400390625,12572.8798828125,12240.8203125,12342.7001953125,12342.7001953125,4630720000,0.5758616977010078,-79.37704156010103
2022-08-29,12488.4599609375,12594.33984375,12440.400390625,12484.3203125,12484.3203125,4183740000,1.147399798637938,-79.61098507628006
2022-08-26,13129.91015625,13175.25,12603.41015625,12605.169921875,12605.169921875,4510480000,0.968011123953616,-79.80646078222803
2022-08-25,12984.740234375,13146.83984375,12951.6103515625,13143.580078125,13143.580078125,4290090000,4.2713438976784035,-80.63366360983328
2022-08-24,12876.23046875,12995.1396484375,12843.580078125,12917.8603515625,12917.8603515625,3896570000,-1.717338238294508,-80.29526668994576
2022-08-23,12885.2802734375,13000.7099609375,12852.7001953125,12881.7900390625,12881.7900390625,3815730000,-0.2792282275728253,-80.24009144752468
2022-08-22,13056.3896484375,13073.0703125,12859.8203125,12890.5400390625,12890.5400390625,4242600000,0.06792534246766735,-80.2535043223391
2022-08-19,13370.25,13402.6103515625,13210.8203125,13242.900390625,13242.900390625,4591500000,2.7334801373312123,-80.77890902628398
2022-08-18,13474.240234375,13553.2802734375,13405.740234375,13505.990234375,13505.990234375,4663920000,1.986648211416342,-81.15332613552407
2022-08-17,13499.240234375,13591.580078125,13389.8203125,13470.8603515625,13470.8603515625,5166110000,-0.2601059396821426,-81.1041769774907
2022-08-16,13617.66015625,13720.91015625,13508.4697265625,13635.2099609375,13635.2099609375,4992400000,1.2200379566397634,-81.33193446281474
2022-08-15,13529.66015625,13685.650390625,13524.5302734375,13667.1796875,13667.1796875,4445180000,0.23446449782649204,-81.3756020639088
2022-08-12,13384.650390625,13565.8701171875,13341.650390625,13565.8701171875,13565.8701171875,4755980000,-0.7412617133083943,-81.23651553750577
2022-08-11,13471.0302734375,13555.3798828125,13271.349609375,13291.990234375,13291.990234375,5785100000,-2.0188891714767565,-80.8498961648514
2022-08-10,13330.66015625,13386.849609375,13220.0498046875,13378.3203125,13378.3203125,5135480000,0.649489479022769,-80.97347146590361
2022-08-09,13064.240234375,13095.7001953125,12945.599609375,13008.169921875,13008.169921875,5271940000,-2.76679270624991,-80.43206733208382
2022-08-08,13227.08984375,13394.5400390625,13103.7998046875,13159.16015625,13159.16015625,5190590000,1.1607338717269489,-80.65659281126948
2022-08-05,13107.4501953125,13286.01953125,13070.3603515625,13207.6904296875,13207.6904296875,4888110000,0.36879461045582485,-80.72766813250595
2022-08-04,13253.76953125,13326.7197265625,13170.4404296875,13311.0400390625,13311.0400390625,5408540000,0.782495697678498,-80.87730241836233
2022-08-03,12983.580078125,13289.1904296875,12974.849609375,13253.259765625,13253.259765625,5628590000,-0.4340778276373469,-80.79393314056433
2022-08-02,12853.0400390625,13073.26953125,12809.009765625,12901.599609375,12901.599609375,4742630000,-2.6533861289137484,-80.27043150687317
2022-08-01,12877.0400390625,13084.6103515625,12833.16015625,12940.7802734375,12940.7802734375,4373610000,0.3036884204190349,-80.33016651348741
2022-07-29,12784.2001953125,12986.6396484375,12726.25,12947.9697265625,12947.9697265625,4893090000,0.05555656593410063,-80.34108832971144
2022-07-28,12580.6103515625,12741.830078125,12433.5498046875,12717.8701171875,12717.8701171875,4892770000,-1.7771095718810304,-79.98540708321423
2022-07-27,12299.33984375,12660.76953125,12256.9404296875,12601.4697265625,12601.4697265625,4559800000,-0.9152506634557578,-79.80053131203306
2022-07-26,12248.2099609375,12259.009765625,12051.2099609375,12086.900390625,12086.900390625,4304110000,-4.083407309647735,-78.94058981726246
2022-07-25,12391.2099609375,12415.58984375,12244.400390625,12328.41015625,12328.41015625,4261620000,1.9981116565858548,-79.3531371897925
2022-07-22,12575.759765625,12662.8603515625,12322.8203125,12396.4697265625,12396.4697265625,4700220000,0.5520547211677274,-79.46649338249573
2022-07-21,12466.1298828125,12620.5,12351.419921875,12619.41015625,12619.41015625,4646260000,1.7984186998802887,-79.82924795910566
2022-07-20,12269.0703125,12488.3896484375,12232.2001953125,12439.6796875,12439.6796875,5427450000,-1.4242382688622324,-79.53781772855135
2022-07-19,12046.6904296875,12258.3701171875,11967.919921875,12249.419921875,12249.419921875,5251410000,-1.5294587192319908,-79.21999614777677
2022-07-18,12089.6796875,12156.08984375,11836.51953125,11877.5,11877.5,5003870000,-3.0362247702099388,-78.56931229938434
2022-07-15,11896.150390625,11987.51953125,11828.1298828125,11983.6201171875,11983.6201171875,4342760000,0.8934549963165672,-78.75909026864225
2022-07-14,11637.1796875,11801.1103515625,11488.26953125,11768.400390625,11768.400390625,4456350000,-1.7959491744387046,-78.37063791891057
2022-07-13,11523.91015625,11819.6904296875,11498.9599609375,11728.5302734375,11728.5302734375,4400730000,-0.33878960490894006,-78.29711078628961
2022-07-12,11926.83984375,11990.4404296875,11684.01953125,11744.990234375,11744.990234375,4279920000,0.14034120690107343,-78.32752619758922
2022-07-11,12008.759765625,12026.0595703125,11830.8896484375,11860.2802734375,11860.2802734375,4343130000,0.9816103441710133,-78.53819747125694
2022-07-08,11977.9501953125,12179.3203125,11956.0302734375,12125.6904296875,12125.6904296875,4495900000,2.2378067813828784,-79.00795879293922
2022-07-07,11913.73046875,12137.7099609375,11897.509765625,12109.0498046875,12109.0498046875,4662320000,-0.13723445354714148,-78.97911089063923
2022-07-06,11807.080078125,11941.3095703125,11727.3603515625,11852.58984375,11852.58984375,4824620000,-2.1179197796198923,-78.52427220382677
2022-07-05,11419.33984375,11781.740234375,11366.0703125,11779.900390625,11779.900390625,5028520000,-0.6132790730401405,-78.39175334906568
2022-07-01,11472.6298828125,11592.849609375,11378.6298828125,11585.6796875,11585.6796875,4844560000,-1.6487465656294553,-78.02951574445014
2022-06-30,11532.3203125,11650.9599609375,11322.8603515625,11503.7197265625,11503.7197265625,5620800000,-0.7074247100576025,-77.8729837639982
2022-06-29,11619.009765625,11710.2099609375,11537.7197265625,11658.259765625,11658.259765625,5609230000,1.3433919004968597,-78.16629597544257
2022-06-28,12021.33984375,12133.8701171875,11633.1298828125,11637.76953125,11637.76953125,5397910000,-0.1757572295259413,-78.12785409776694
2022-06-27,12157.9296875,12175.98046875,11965.669921875,12008.240234375,12008.240234375,5017930000,3.1833479957667388,-78.80263983765055
2022-06-24,11826.9501953125,12112.8203125,11812.1796875,12105.849609375,12105.849609375,9438810000,0.812853283202819,-78.97355399434835
2022-06-23,11622.08984375,11729.6201171875,11515.48046875,11697.6796875,11697.6796875,5238210000,-3.3716751409079593,-78.2398732086959
2022-06-22,11427.740234375,11708.080078125,11423.2001953125,11527.7099609375,11527.7099609375,5215100000,-1.4530208648483312,-77.91903213850797
2022-06-21,11446.98046875,11638.4697265625,11446.98046875,11546.759765625,11546.759765625,5201450000,0.16525228993486962,-77.95546124360848
2022-06-17,11172.650390625,11357.9697265625,11089.9296875,11265.990234375,11265.990234375,7423600000,-2.4315871893850094,-77.40607013954298
2022-06-16,11286.8701171875,11311.0498046875,11037.2099609375,11127.5703125,11127.5703125,5667810000,-1.2286529545592062,-77.12501597243333
2022-06-15,11468.1298828125,11751.2900390625,11346.5400390625,11593.76953125,11593.76953125,5346110000,4.189586815967372,-78.04484620140465
2022-06-14,11385.1796875,11418.2197265625,11205.919921875,11311.6904296875,11311.6904296875,4802090000,-2.433023192346373,-77.49735154561735
2022-06-13,11472.1904296875,11568.650390625,11254.1904296875,11288.3203125,11288.3203125,5912360000,-0.20660145654415318,-77.4507644966278
2022-06-10,12052.58984375,12082.6904296875,11825.349609375,11832.8203125,11832.8203125,5125980000,4.823569715656051,-78.48839190981651
2022-06-09,12543.3701171875,12666.41015625,12265.8603515625,12269.7802734375,12269.7802734375,5382110000,3.692779484497888,-79.25447827985026
2022-06-08,12682.8095703125,12776.650390625,12578.5498046875,12615.1298828125,12615.1298828125,4689310000,2.8146356469205713,-79.82240408710616
2022-06-07,12456.490234375,12737.2998046875,12413.5595703125,12711.6796875,12711.6796875,4383960000,0.7653492717426991,-79.97566022573974
2022-06-06,12745.8896484375,12804.4599609375,12534.580078125,12599.6298828125,12599.6298828125,4633950000,-0.8814712724210971,-79.79758171219842
2022-06-03,12650.3798828125,12724.8095703125,12505.759765625,12548.0302734375,12548.0302734375,4117290000,-0.409532739095686,-79.71450597287001
2022-06-02,12498.6298828125,12897.6298828125,12447.76953125,12892.8896484375,12892.8896484375,4422830000,2.7483148150353243,-80.25710293774904
2022-06-01,12750.3095703125,12820.4697265625,12457.91015625,12548.3603515625,12548.3603515625,4697810000,-2.672242656763557,-79.71503957229223
2022-05-31,12688.9501953125,12762.83984375,12482.3203125,12642.099609375,12642.099609375,6028940000,0.7470239552120228,-79.86544948789194
2022-05-27,12421.7998046875,12682.580078125,12405.2900390625,12681.419921875,12681.419921875,4774530000,0.3110267575398673,-79.9278791545271
2022-05-26,11906.830078125,12337.73046875,11901.8701171875,12276.7900390625,12276.7900390625,4651470000,-3.19073010203319,-79.26632349709058
2022-05-25,11732.4501953125,12028.8896484375,11714.26953125,11943.9296875,11943.9296875,4500920000,-2.7112979085200495,-78.68850538944011
2022-05-24,11807.7802734375,11842.8095703125,11576.1103515625,11769.83984375,11769.83984375,4706300000,-1.4575591811478494,-78.37328319303941
2022-05-23,11867.080078125,12047.8095703125,11785.759765625,12034.2802734375,12034.2802734375,4509640000,2.2467631947253874,-78.84850714953855
2022-05-20,12037.0302734375,12044.7001953125,11492.2900390625,11835.6201171875,11835.6201171875,5413140000,-1.6507855204975552,-78.4934806420139
2022-05-19,11872.5595703125,12066.849609375,11795.7900390625,11875.6298828125,11875.6298828125,5136920000,0.33804536837827026,-78.56593749755872
2022-05-18,12352.919921875,12389.9599609375,11887.0,11928.3095703125,11928.3095703125,5043020000,0.4435948915538557,-78.66059799474219
2022-05-17,12496.6298828125,12572.990234375,12333.990234375,12564.099609375,12564.099609375,5068930000,5.330093382593559,-79.74045088164303
2022-05-16,12297.0703125,12395.509765625,12196.2099609375,12243.580078125,12243.580078125,4898850000,-2.5510744200948343,-79.21008466969216
2022-05-13,12125.9296875,12429.2802734375,12069.1298828125,12387.400390625,12387.400390625,5868610000,1.1746589770500027,-79.45145994015782
2022-05-12,11790.1298828125,12128.73046875,11692.1201171875,11945.5,11945.5,6647400000,-3.567337590536246,-78.6913069219319
2022-05-11,12240.2099609375,12470.8896484375,11939.08984375,11967.5595703125,11967.5595703125,6120860000,0.18466845517139951,-78.73058482236443
2022-05-10,12496.83984375,12537.8896484375,12173.4697265625,12345.8603515625,12345.8603515625,6199090000,3.161052000847664,-79.38232039601458
2022-05-09,12465.91015625,12542.3203125,12136.1904296875,12187.7197265625,12187.7197265625,5911380000,-1.280920247732964,-79.11479760981874
2022-05-06,12776.8603515625,12926.580078125,12522.76953125,12693.5302734375,12693.5302734375,5311020000,4.1501655619189615,-79.94702910216243
2022-05-05,13344.7900390625,13344.7900390625,12710.58984375,12850.5498046875,12850.5498046875,5269260000,1.2370044256212909,-80.19205426749814
2022-05-04,13110.2998046875,13556.669921875,12887.5302734375,13535.7099609375,13535.7099609375,5467750000,5.331757525270042,-81.19470689763268
2022-05-03,13045.349609375,13178.740234375,12982.7001953125,13089.900390625,13089.900390625,4522940000,-3.29358099131154,-80.55424521439701
2022-05-02,12864.830078125,13083.5703125,12716.6298828125,13075.849609375,13075.849609375,4896740000,-0.10734062774123698,-80.53334958964635
2022-04-29,13274.9404296875,13428.5302734375,12835.48046875,12854.7998046875,12854.7998046875,4719290000,-1.6905196319252025,-80.19860308744416
2022-04-28,13254.9599609375,13542.5595703125,13038.169921875,13456.0595703125,13456.0595703125,5030570000,4.677317225941935,-81.08339281392234
2022-04-27,13009.400390625,13241.9404296875,12936.41015625,13003.3603515625,13003.3603515625,4773290000,-3.3642777544532376,-80.42482971461479
2022-04-26,13447.66015625,13447.66015625,13009.650390625,13009.7099609375,13009.7099609375,5136770000,0.04883052690480838,-80.43438370814228
2022-04-25,13275.41015625,13541.76953125,13239.73046875,13533.2197265625,13533.2197265625,4827790000,4.023992596275172,-81.19124655425087
2022-04-22,13714.6298828125,13769.400390625,13342.7900390625,13356.8701171875,13356.8701171875,4457380000,-1.3030868702210374,-80.9429161973718
2022-04-21,14174.919921875,14277.2099609375,13682.6796875,13720.4501953125,13720.4501953125,5206320000,2.722045471245149,-81.4479124561798
2022-04-20,14246.2001953125,14263.6103515625,13962.8603515625,13998.5302734375,13998.5302734375,4639440000,2.0267562227659575,-81.81644871340079
2022-04-19,13882.75,14236.509765625,13844.740234375,14210.259765625,14210.259765625,4527480000,1.512512299875235,-82.08737930464798
2022-04-18,13859.4697265625,13997.9296875,13788.9599609375,13910.759765625,13910.759765625,4350150000,-2.107632125941139,-81.7017188526923
2022-04-14,14225.4697265625,14235.3896484375,13884.8203125,13893.2099609375,13893.2099609375,4623410000,-0.1261599293150617,-81.67860459319753
2022-04-13,13939.6103515625,14258.8095703125,13919.48046875,14217.2900390625,14217.2900390625,4887660000,2.3326508347328856,-82.0962368732229
2022-04-12,14175.66015625,14264.740234375,13882.75,13940.240234375,13940.240234375,4965220000,-1.9486822307647644,-81.74041559654121
2022-04-11,14149.599609375,14187.669921875,13979.1396484375,13990.2099609375,13990.2099609375,4916860000,0.35845671037491034,-81.80563452051257
2022-04-08,14450.5302734375,14490.1904296875,14307.6796875,14327.259765625,14327.259765625,4554890000,2.409183319110908,-82.2336582620788
2022-04-07,14469.5,14624.240234375,14315.6904296875,14531.8095703125,14531.8095703125,4822420000,1.4276966288994775,-82.48373735339358
2022-04-06,14600.2998046875,14639.349609375,14395.400390625,14498.8896484375,14498.8896484375,5265740000,-0.226536975424263,-82.44396644597583
2022-04-05,15109.26953125,15120.669921875,14782.5703125,14820.6396484375,14820.6396484375,4707090000,2.2191354496906124,-82.8251007242526
2022-04-04,14903.3798828125,15161.8896484375,14884.5703125,15159.580078125,15159.580078125,4598480000,2.286948726421767,-83.20909999800301
2022-04-01,14886.91015625,14925.9296875,14723.830078125,14861.2099609375,14861.2099609375,4984050000,-1.968195132383932,-82.87198728548178
2022-03-31,15074.23046875,15088.3798828125,14835.16015625,14838.490234375,14838.490234375,5427030000,-0.1528793861483635,-82.84576199171627
2022-03-30,15177.150390625,15229.009765625,15010.33984375,15071.5498046875,15071.5498046875,5439980000,1.5706420709338254,-83.11102730225556
2022-03-29,15142.9296875,15265.419921875,15039.6103515625,15239.3203125,15239.3203125,6031870000,1.1131602919848493,-83.2969589230778
2022-03-28,14763.16015625,14989.080078125,14705.919921875,14987.400390625,14987.400390625,5086120000,-1.6530915861671547,-83.01620117366815
2022-03-25,14766.900390625,14805.8798828125,14577.58984375,14754.3095703125,14754.3095703125,5553860000,-1.5552451675228784,-82.7478885439523
2022-03-24,14529.7197265625,14767.73046875,14440.669921875,14765.6904296875,14765.6904296875,5046250000,0.0771358315396764,-82.7611858465971
2022-03-23,14525.2197265625,14681.330078125,14446.0400390625,14447.5498046875,14447.5498046875,4995470000,-2.154593627131418,-82.38158050291156
2022-03-22,14396.0302734375,14688.9697265625,14385.5498046875,14654.330078125,14654.330078125,5400360000,1.4312480402068672,-82.6301856306603
2022-03-21,14377.150390625,14470.6796875,14190.5302734375,14376.08984375,14376.08984375,5636000000,-1.8986895538154802,-82.2940037290651
2022-03-18,14061.2900390625,14427.4697265625,14014.4296875,14420.080078125,14420.080078125,8109950000,0.30599582259931424,-82.34801805641845
2022-03-17,13878.990234375,14125.669921875,13827.33984375,14118.599609375,14118.599609375,5575030000,-2.090698991383133,-81.97108777027422
2022-03-16,13633.1201171875,13960.25,13475.08984375,13956.7900390625,13956.7900390625,6498110000,-1.1460737947767585,-81.7620676064021
2022-03-15,13174.9697265625,13488.1796875,13092.4501953125,13458.5595703125,13458.5595703125,5414590000,-3.5698070068801213,-81.08690667569321
2022-03-14,13248.08984375,13386.669921875,13020.400390625,13046.6396484375,13046.6396484375,5853360000,-3.0606538517214843,-80.4897659456282
2022-03-11,13701.7998046875,13714.4404296875,13285.1904296875,13301.830078125,13301.830078125,5250230000,1.9559858826794674,-80.86406218775406
2022-03-10,13577.83984375,13633.6904296875,13399.4599609375,13591.0,13591.0,5034030000,2.173910809088908,-81.27120939121018
2022-03-09,13610.48046875,13793.1103515625,13504.48046875,13742.2001953125,13742.2001953125,5377120000,1.1125023567986059,-81.47727514180096
2022-03-08,13275.23046875,13663.26953125,13129.400390625,13267.6103515625,13267.6103515625,6631820000,-3.453521539526716,-80.81470691260651
2022-03-07,13853.5302734375,13879.099609375,13314.4404296875,13319.3798828125,13319.3798828125,6163580000,0.39019484201163745,-80.8892759720347
2022-03-04,13957.599609375,13992.9697265625,13738.6103515625,13837.830078125,13837.830078125,5319630000,3.892449947925236,-81.60528119459663
2022-03-03,14339.7001953125,14342.5595703125,13965.1103515625,14035.2099609375,14035.2099609375,5058590000,1.4263788592441262,-81.86396969674831
2022-03-02,14075.1103515625,14292.7197265625,13962.6904296875,14243.6904296875,14243.6904296875,5229480000,1.4854104023398262,-82.12942113417955
2022-03-01,14197.66015625,14271.580078125,13906.919921875,14005.990234375,14005.990234375,6094490000,-1.668810456713321,-81.82613375387511
2022-02-28,14058.6103515625,14296.599609375,14009.3603515625,14237.8095703125,14237.8095703125,5894130000,1.6551442065734445,-82.12203977676353
2022-02-25,13973.900390625,14193.0,13850.2900390625,14189.16015625,14189.16015625,4614110000,-0.3416917035043099,-82.06074282332051
2022-02-24,13065.4404296875,13989.099609375,13065.4404296875,13974.669921875,13974.669921875,6131410000,-1.5116485543404168,-81.78540211775463
2022-02-23,14016.9404296875,14035.9296875,13502.580078125,13509.4296875,13509.4296875,4614090000,-3.329167965869051,-81.15812443218192
2022-02-22,13892.8095703125,14109.259765625,13720.919921875,13870.5302734375,13870.5302734375,4830920000,2.6729521104182474,-81.64864730142868
2022-02-18,14207.5498046875,14225.7197265625,13918.759765625,14009.5400390625,14009.5400390625,4475010000,1.0021950342533614,-81.83073873558119
2022-02-17,14485.080078125,14497.4599609375,14155.4296875,14171.740234375,14171.740234375,4259890000,1.1577838734194046,-82.03869186462771
2022-02-16,14514.83984375,14647.7900390625,14399.2900390625,14603.6396484375,14603.6396484375,4224060000,3.0476102928762794,-82.56989358188545
2022-02-15,14482.1103515625,14624.5302734375,14444.4599609375,14620.8203125,14620.8203125,4393050000,0.11764645304939148,-82.590375387731
2022-02-14,14233.400390625,14400.7802734375,14119.73046875,14268.58984375,14268.58984375,4301470000,-2.409101960229021,-82.16060620205165
2022-02-11,14739.4599609375,14769.6396484375,14194.5400390625,14253.83984375,14253.83984375,5222590000,-0.1033739154430946,-82.1421458389913
2022-02-10,14770.6796875,15037.259765625,14636.6201171875,14705.6396484375,14705.6396484375,5191050000,3.1696708370523963,-82.69079079527776
2022-02-09,14930.990234375,15057.900390625,14870.3603515625,15056.9599609375,15056.9599609375,4713210000,2.3890175531217306,-83.09466228080387
2022-02-08,14533.25,14785.2197265625,14485.7802734375,14747.0302734375,14747.0302734375,4277150000,-2.05838156111231,-82.73937271136224
2022-02-07,14716.4296875,14813.8603515625,14524.6298828125,14571.25,14571.25,4253020000,-1.1919706556384968,-82.53114913517628
2022-02-04,14566.2802734375,14832.0498046875,14452.2802734375,14694.349609375,14694.349609375,4104120000,0.8448115938920919,-82.67749169370082
2022-02-03,14693.849609375,14856.509765625,14471.2001953125,14501.1103515625,14501.1103515625,4306490000,-1.315058256741175,-82.44665498069013
2022-02-02,15173.0302734375,15196.400390625,14960.849609375,15139.740234375,15139.740234375,4647630000,4.4040067783063686,-83.18709639508089
2022-02-01,14966.599609375,15034.419921875,14749.490234375,15019.6796875,15019.6796875,4650460000,-0.7930158973428192,-83.05270162479539
2022-01-31,14505.0703125,14934.51953125,14442.8798828125,14930.0498046875,14930.0498046875,5111460000,-0.5967496290023688,-82.95096155110312
2022-01-28,14091.3095703125,14457.7802734375,13880.48046875,14454.6103515625,14454.6103515625,4955960000,-3.1844465312883874,-82.39018645448667
2022-01-27,14346.4599609375,14419.4501953125,13972.8798828125,14003.1103515625,14003.1103515625,5155970000,-3.1235708816681695,-81.82239611247083
2022-01-26,14492.51953125,14646.5400390625,14006.400390625,14172.759765625,14172.759765625,5734390000,1.211512369775547,-82.03998392878724
2022-01-25,14237.599609375,14410.4296875,14033.8095703125,14149.1201171875,14149.1201171875,4981070000,-0.16679636731610215,-82.00997722431806
2022-01-24,14160.91015625,14532.5703125,13724.849609375,14509.580078125,14509.580078125,6982960000,2.547578633526726,-82.45690145452123
2022-01-21,14728.66015625,14868.4501953125,14432.6396484375,14438.400390625,14438.400390625,5845830000,-0.49057027919996443,-82.37041595484914
2022-01-20,15176.3798828125,15347.6201171875,14832.6904296875,14846.4599609375,14846.4599609375,5078450000,2.826210378384131,-82.85497055636225
2022-01-19,15287.25,15382.0,15038.4404296875,15047.83984375,15047.83984375,4639990000,1.3564168383732644,-83.08441638088108
2022-01-18,15378.0595703125,15446.2998046875,15182.9599609375,15210.759765625,15210.759765625,5027990000,1.0826797970119761,-83.26559638793931
2022-01-14,15396.4697265625,15617.1796875,15396.4697265625,15611.58984375,15611.58984375,4345780000,2.6351746020658373,-83.69525489000935
2022-01-13,15970.08984375,15990.3798828125,15468.08984375,15495.6201171875,15495.6201171875,4283070000,-0.7428437956876532,-83.57322964559984
2022-01-12,15955.48046875,16017.3896484375,15815.9501953125,15905.099609375,15905.099609375,4321180000,2.642549888876733,-83.9961396397652
2022-01-11,15582.7197265625,15848.5595703125,15496.91015625,15844.1201171875,15844.1201171875,4378660000,-0.3833958521803682,-83.93454535301474
2022-01-10,15383.1796875,15627.919921875,15165.5302734375,15614.4296875,15614.4296875,5303230000,-1.4496887677488357,-83.6982202835218
2022-01-07,15774.1298828125,15835.0,15526.7998046875,15592.1904296875,15592.1904296875,4229270000,-0.14242760227294315,-83.67496893320305
2022-01-06,15675.2197265625,15900.599609375,15608.5703125,15765.3603515625,15765.3603515625,4774740000,1.1106195929039275,-83.85428639194824
2022-01-05,16190.5498046875,16249.23046875,15763.83984375,15771.7802734375,15771.7802734375,5011990000,0.040721694473444536,-83.8608585238308
2022-01-04,16513.869140625,16513.869140625,16151.900390625,16279.73046875,16279.73046875,5109270000,3.2206268823563144,-84.36442214736452
2022-01-03,16395.509765625,16504.140625,16306.6396484375,16501.76953125,16501.76953125,4412130000,1.3638988859564938,-84.57480619384332
2021-12-31,16411.259765625,16464.619140625,16317.259765625,16320.080078125,16320.080078125,3379850000,-1.1010301215328977,-84.40307940000582
2021-12-30,16485.400390625,16569.619140625,16415.119140625,16429.099609375,16429.099609375,3732730000,0.6680085558901538,-84.50657679263132
2021-12-29,16510.630859375,16548.919921875,16396.16015625,16491.009765625,16491.009765625,3694500000,0.37683231413772056,-84.5647418331745
2021-12-28,16602.919921875,16607.189453125,16458.490234375,16488.66015625,16488.66015625,3623600000,-0.014247819923662863,-84.56254233200517
2021-12-27,16361.0703125,16567.640625,16361.0703125,16567.5,16567.5,3730120000,0.47814584692082995,-84.63600463775087
2021-12-23,16203.759765625,16360.75,16188.0302734375,16308.2099609375,16308.2099609375,3918200000,-1.56505229553342,-84.3917270029169
2021-12-22,15963.5400390625,16186.25,15947.5595703125,16180.1396484375,16180.1396484375,4080900000,-0.7853118938667247,-84.26818317426306
2021-12-21,15794.3798828125,15997.6103515625,15617.48046875,15986.2802734375,15986.2802734375,4546230000,-1.1981316553020038,-84.07740957807388
2021-12-20,15566.830078125,15662.6103515625,15508.740234375,15627.6396484375,15627.6396484375,4576750000,-2.243427607083248,-83.71200009148454
2021-12-17,15714.5400390625,15960.25,15664.099609375,15801.4599609375,15801.4599609375,7616320000,1.11226209722195,-83.89117247435911
2021-12-16,16335.0302734375,16340.5302734375,15802.6298828125,15863.9404296875,15863.9404296875,4890470000,0.39540946788749753,-83.95461743617524
2021-12-15,15908.4501953125,16301.26953125,15746.9404296875,16289.58984375,16289.58984375,5318850000,2.6831253933981447,-84.373885677562
2021-12-14,15877.650390625,15995.2099609375,15742.7998046875,15914.900390625,15914.900390625,4802460000,-2.30017733238852,-84.00599520471982
2021-12-13,16317.900390625,16332.6298828125,16075.5400390625,16082.5498046875,16082.5498046875,4549170000,1.053411645361324,-84.17272159854451
2021-12-10,16278.2998046875,16339.1201171875,16139.0,16331.98046875,16331.98046875,4395460000,1.5509397893473276,-84.41444418506923
2021-12-09,16337.8095703125,16413.279296875,16141.3896484375,16149.5703125,16149.5703125,4484230000,-1.1168893852097628,-84.23840459909681
2021-12-08,16313.8798828125,16401.099609375,16250.3896484375,16394.33984375,16394.33984375,4600800000,1.5156411378979273,-84.47372717718173
2021-12-07,16139.5595703125,16343.669921875,16128.4404296875,16325.66015625,16325.66015625,5091220000,-0.41892316588876266,-84.40841039640195
2021-12-06,15744.91015625,15898.58984375,15557.7802734375,15846.16015625,15846.16015625,5095960000,-2.9370940924335676,-83.93661362411093
2021-12-03,16039.41015625,16089.6103515625,15543.3095703125,15712.0400390625,15712.0400390625,5859520000,-0.8463887520069102,-83.7994943666621
2021-12-02,15791.2998046875,16066.3203125,15770.919921875,15990.759765625,15990.759765625,5390100000,1.7739244927428954,-84.08186997398033
2021-12-01,16347.9599609375,16427.189453125,15864.0,15877.7197265625,15877.7197265625,6266020000,-0.7069084941511039,-83.9685422373197
2021-11-30,16333.9501953125,16454.560546875,16073.759765625,16135.919921875,16135.919921875,6609380000,1.6261793239777722,-84.22507087315265
2021-11-29,16263.4296875,16437.16015625,16214.5595703125,16399.240234375,16399.240234375,4800570000,1.6318890634987815,-84.47836670929996
2021-11-26,16237.41015625,16302.580078125,15988.9501953125,16025.580078125,16025.580078125,3502030000,-2.278521144331791,-84.11645681946234
2021-11-24,16202.259765625,16370.5595703125,16106.01953125,16367.8095703125,16367.8095703125,4178630000,2.1355201529000833,-84.44856093476638
2021-11-23,16330.1796875,16417.5,16121.7001953125,16306.7197265625,16306.7197265625,5412610000,-0.3732316379144729,-84.39030059801482
2021-11-22,16644.76953125,16764.859375,16374.7802734375,16380.98046875,16380.98046875,5531070000,0.4553996354431433,-84.46106485203042
2021-11-19,16558.560546875,16625.859375,16523.830078125,16573.33984375,16573.33984375,4849160000,1.1742848687657181,-84.64141835237551
2021-11-18,16398.759765625,16501.919921875,16309.509765625,16482.970703125,16482.970703125,5361690000,-0.5452681322954955,-84.55721376027175
2021-11-17,16329.0703125,16398.94921875,16276.76953125,16308.0703125,16308.0703125,5024540000,-1.0610975034484604,-84.39159334694814
2021-11-16,16170.2900390625,16329.5,16156.6904296875,16309.76953125,16309.76953125,5441150000,0.010419496098790226,-84.39321949483403
2021-11-15,16227.009765625,16256.73046875,16096.3701171875,16189.1201171875,16189.1201171875,4978040000,-0.7397370872183839,-84.27690996660023
2021-11-12,16078.1298828125,16218.5498046875,16012.7802734375,16199.8896484375,16199.8896484375,5412870000,0.06652326483491677,-84.28736252603959
2021-11-11,16114.0498046875,16116.25,16019.3896484375,16032.4697265625,16032.4697265625,4520600000,-1.0334633476416832,-84.12328246955381
2021-11-10,16087.01953125,16224.509765625,15905.2802734375,15985.5703125,15985.5703125,5336480000,-0.2925276944998556,-84.07670241423784
2021-11-09,16389.990234375,16401.890625,16168.6298828125,16219.9404296875,16219.9404296875,5531330000,1.466135474717678,-84.30678618904356
2021-11-08,16351.490234375,16401.9296875,16314.0,16336.0302734375,16336.0302734375,5620280000,0.7157229969693368,-84.41830794241663
2021-11-05,16397.58984375,16454.48046875,16302.0595703125,16359.3798828125,16359.3798828125,5534130000,0.14293319113742875,-84.44054756430648
2021-11-04,16193.2197265625,16387.94921875,16169.5595703125,16346.240234375,16346.240234375,5252570000,-0.08031874393542582,-84.42804036191905
2021-11-03,16000.599609375,16157.599609375,15950.58984375,16144.5,16144.5,5274520000,-1.234169028978016,-84.23345454092338
2021-11-02,15885.33984375,15988.330078125,15877.26953125,15972.490234375,15972.490234375,5118540000,-1.065438791074358,-84.06366262060683
2021-11-01,15879.6103515625,15910.349609375,15785.3095703125,15905.2802734375,15905.2802734375,5239250000,-0.4207857381740898,-83.99632142357402
2021-10-29,15638.740234375,15856.900390625,15638.740234375,15850.4697265625,15850.4697265625,5310370000,-0.34460597947799654,-83.94098108414447
2021-10-28,15674.3896484375,15784.0,15650.009765625,15778.16015625,15778.16015625,5660240000,-0.45619828030283305,-83.8673843690683
2021-10-27,15603.16015625,15729.75,15578.6796875,15598.3896484375,15598.3896484375,6083210000,-1.139362929722132,-83.68145693875778
2021-10-26,15615.3603515625,15710.7900390625,15518.58984375,15559.490234375,15559.490234375,7035470000,-0.24938096136351007,-83.6406598590415
2021-10-25,15417.25,15555.650390625,15338.490234375,15514.1904296875,15514.1904296875,5677320000,-0.2911393882777835,-83.59289230606733
2021-10-22,15422.0703125,15474.2802734375,15291.9501953125,15355.0703125,15355.0703125,5719760000,-1.0256424136899311,-83.42287023219632
2021-10-21,15365.8095703125,15497.580078125,15350.5,15489.58984375,15489.58984375,4880390000,0.8760593635347425,-83.56683451713411
2021-10-20,15448.0,15457.1103515625,15333.4296875,15388.7099609375,15388.7099609375,4086590000,-0.651275365133086,-83.45910776080704
2021-10-19,15349.4501953125,15414.9697265625,15320.6201171875,15410.7197265625,15410.7197265625,4443000000,0.1430254107125828,-83.48273165170069
2021-10-18,15091.580078125,15307.509765625,15074.7099609375,15300.8896484375,15300.8896484375,4142540000,-0.7126862344767226,-83.36417038403671
2021-10-15,15106.9697265625,15150.1396484375,15064.58984375,15146.919921875,15146.919921875,4473930000,-1.0062795700132576,-83.19506576406636
2021-10-14,14925.580078125,15059.8896484375,14901.58984375,15052.419921875,15052.419921875,4240520000,-0.623889216338458,-83.08956337351799
2021-10-13,14751.7998046875,14800.830078125,14676.580078125,14774.599609375,14774.599609375,4032440000,-1.8456853711359522,-82.77158096368676
2021-10-12,14772.2900390625,14784.7802734375,14636.330078125,14662.1103515625,14662.1103515625,4037030000,-0.761369247130872,-82.6394027148393
2021-10-11,14765.6904296875,14907.5703125,14709.0498046875,14713.73046875,14713.73046875,3522230000,0.3520647161272983,-82.70030882347085
2021-10-08,14942.3603515625,14948.349609375,14805.5,14820.75,14820.75,3557630000,0.7273446491173452,-82.82522860421622
2021-10-07,14899.0703125,15010.3203125,14878.2197265625,14897.1298828125,14897.1298828125,3936210000,0.5153577437882806,-82.91328630639514
2021-10-06,14529.8896484375,14775.6396484375,14499.48046875,14766.75,14766.75,4443760000,-0.8752013564903183,-82.76242279688744
2021-10-05,14533.4296875,14763.6396484375,14520.23046875,14674.150390625,14674.150390625,4143190000,-0.627081851964717,-82.65364696502739
2021-10-04,14713.599609375,14727.599609375,14384.9296875,14472.1201171875,14472.1201171875,4539650000,-1.3767766314196517,-82.41149250400707
2021-10-01,14731.3798828125,14830.83984375,14555.1201171875,14791.8701171875,14791.8701171875,4688550000,2.2094205784006338,-82.79169630699401
2021-09-30,14830.2998046875,14888.2197265625,14684.5498046875,14689.6201171875,14689.6201171875,5910550000,-0.6912580977924465,-82.67191451287185
2021-09-29,14835.509765625,14914.919921875,14727.41015625,14752.8896484375,14752.8896484375,5246170000,0.43070910442382093,-82.74622807939042
2021-09-28,15001.98046875,15040.5703125,14758.98046875,14770.2998046875,14770.2998046875,4954270000,0.11801183812043536,-82.76656557213005
2021-09-27,15205.23046875,15240.580078125,15106.4501953125,15204.8203125,15204.8203125,4619450000,2.941852999318262,-83.25905943427685
2021-09-24,15222.9697265625,15345.5400390625,15209.16015625,15329.6796875,15329.6796875,3972140000,0.8211828382960418,-83.3954134494004
2021-09-23,15231.2001953125,15356.919921875,15199.4296875,15316.580078125,15316.580078125,4176520000,-0.08545259680593498,-83.38121226372208
2021-09-22,15073.9599609375,15230.33984375,15029.900390625,15176.509765625,15176.509765625,4229870000,-0.9145012253750195,-83.22783056875134
2021-09-21,15096.9697265625,15139.900390625,14986.98046875,15027.76953125,15027.76953125,4056340000,-0.9800687817689058,-83.06182480142881
2021-09-20,15068.650390625,15157.259765625,14821.0302734375,15012.1904296875,15012.1904296875,4860630000,-0.10366875490140925,-83.04424698339234
2021-09-17,15481.4296875,15485.2099609375,15291.0400390625,15333.4697265625,15333.4697265625,6682650000,2.140122711470882,-83.39951767582569
2021-09-16,15452.669921875,15539.1396484375,15370.8798828125,15515.91015625,15515.91015625,3681700000,1.1898183055819134,-83.5947108096956
2021-09-15,15419.9501953125,15518.9501953125,15316.400390625,15503.5302734375,15503.5302734375,4446270000,-0.07978831204763503,-83.5816108541307
2021-09-14,15505.7802734375,15525.9697265625,15352.0595703125,15382.900390625,15382.900390625,4571950000,-0.7780800932751242,-83.45286085846386
2021-09-13,15545.66015625,15562.2802734375,15351.7001953125,15434.5,15434.5,4701190000,0.3354348534067464,-83.50818017013428
2021-09-10,15648.0498046875,15673.5,15433.4296875,15440.75,15440.75,4567980000,0.04049369918039947,-83.51485561491103
2021-09-09,15639.4404296875,15675.4599609375,15556.740234375,15561.0498046875,15561.0498046875,3997250000,0.7791059675695822,-83.64229943616107
2021-09-08,15669.009765625,15669.009765625,15528.4501953125,15620.849609375,15620.849609375,4113530000,0.384291583396168,-83.7049200568901
2021-09-07,15662.2998046875,15701.400390625,15610.23046875,15675.759765625,15675.759765625,3967040000,0.35151837206757186,-83.76199961151205
2021-09-03,15578.9599609375,15668.1201171875,15554.9697265625,15652.8603515625,15652.8603515625,3692170000,-0.14608168538481348,-83.73824416451441
2021-09-02,15656.2802734375,15681.759765625,15554.2900390625,15604.25,15604.25,4018120000,-0.31055251545540896,-83.68758555111188
2021-09-01,15637.1298828125,15696.419921875,15603.669921875,15611.5703125,15611.5703125,4248030000,0.046912299533774515,-83.69523449154548
2021-08-31,15601.33984375,15604.4501953125,15522.7802734375,15582.509765625,15582.509765625,4170170000,-0.186147493770894,-83.66482697635884
2021-08-30,15460.9296875,15620.6201171875,15459.740234375,15605.08984375,15605.08984375,4034110000,0.144906555263713,-83.68846346206654
2021-08-27,15305.75,15447.0302734375,15292.740234375,15432.9501953125,15432.9501953125,4006310000,-1.1030993743778028,-83.5065240318487
2021-08-26,15348.98046875,15369.2802734375,15265.23046875,15278.51953125,15278.51953125,3610970000,-1.000655494303393,-83.33981295481989
2021-08-25,15384.830078125,15404.3603515625,15341.919921875,15368.919921875,15368.919921875,3629990000,0.5916829208491015,-83.43780861257761
2021-08-24,15338.919921875,15384.419921875,15319.5498046875,15357.6796875,15357.6796875,3792870000,-0.0731361372961592,-83.42568680011985
2021-08-23,15140.1396484375,15341.4697265625,15140.1396484375,15312.8203125,15312.8203125,3893990000,-0.2920973474691779,-83.37713184316043
2021-08-20,14974.0595703125,15103.9404296875,14968.8701171875,15092.5703125,15092.5703125,3864780000,-1.438337259271616,-83.13454978882925
2021-08-19,14773.1904296875,15000.1904296875,14773.1904296875,14933.9404296875,14933.9404296875,4172870000,-1.0510461738986843,-82.95540320637338
2021-08-18,14975.01953125,15039.900390625,14846.509765625,14857.919921875,14857.919921875,3814120000,-0.5090452059215211,-82.86819457215513
2021-08-17,15018.9404296875,15062.7001953125,14906.2197265625,15002.830078125,15002.830078125,4151190000,0.9753058100458123,-83.03366819202992
2021-08-16,15090.0498046875,15142.0302734375,14931.150390625,15140.76953125,15140.76953125,3953840000,0.9194228849270569,-83.18823936665207
2021-08-13,15101.83984375,15150.48046875,15079.2998046875,15136.6796875,15136.6796875,4038130000,-0.027012126045233842,-83.1836969256695
2021-08-12,15012.599609375,15097.91015625,14956.25,15088.98046875,15088.98046875,4020260000,-0.315123393866823,-83.13053730228937
2021-08-11,15101.8203125,15127.7802734375,14972.599609375,15027.759765625,15027.759765625,3980530000,-0.40573121061288075,-83.06181379434128
2021-08-10,15157.3701171875,15169.4501953125,15010.16015625,15053.580078125,15053.580078125,3978790000,0.1718174425376473,-83.09086663484457
2021-08-09,15136.1396484375,15154.6796875,15081.75,15133.1103515625,15133.1103515625,4095760000,0.5283146801276173,-83.1797305873884
2021-08-06,15125.740234375,15162.33984375,15063.01953125,15109.3603515625,15109.3603515625,4159050000,-0.1569406384296146,-83.15329125512983
2021-08-05,15105.400390625,15184.26953125,15083.83984375,15181.6396484375,15181.6396484375,4087320000,0.47837430038872863,-83.23349789228726
2021-08-04,15059.16015625,15117.3798828125,15017.1396484375,15083.3896484375,15083.3896484375,4319400000,-0.6471632990584952,-83.12428445482539
2021-08-03,14997.2001953125,15063.66015625,14864.5302734375,15061.419921875,15061.419921875,4117520000,-0.14565510190062136,-83.09966825940708
2021-08-02,15046.099609375,15059.8896484375,14945.1298828125,14963.6201171875,14963.6201171875,3738200000,-0.6493398709736309,-82.98921042029865
2021-07-30,14882.3896484375,14990.8603515625,14882.3896484375,14959.900390625,14959.900390625,3628750000,-0.0248584669576557,-82.9849807473599
2021-07-29,15015.2998046875,15091.9599609375,15004.419921875,15048.3603515625,15048.3603515625,3904590000,0.5913138365074566,-83.08500147408864
2021-07-28,15005.169921875,15078.849609375,14913.5498046875,15018.099609375,15018.099609375,4235390000,-0.20108996249785793,-83.05091857260255
2021-07-27,15103.009765625,15107.740234375,14787.7998046875,14956.9697265625,14956.9697265625,4300000000,-0.4070413993947697,-82.98164682970425
2021-07-26,15088.2802734375,15142.349609375,15048.23046875,15125.9501953125,15125.9501953125,4409960000,1.1297774337932998,-83.17176839290765
2021-07-23,15004.4296875,15125.83984375,14948.0400390625,15111.7900390625,15111.7900390625,3959410000,-0.09361498661014656,-83.15599988445487
2021-07-22,14865.4697265625,14941.3798828125,14865.4697265625,14940.169921875,14940.169921875,3574560000,-1.1356703391449896,-82.96251016587387
2021-07-21,14723.669921875,14843.169921875,14710.1103515625,14842.6298828125,14842.6298828125,4075150000,-0.6528710153402284,-82.85054635372813
2021-07-20,14601.33984375,14790.599609375,14530.7802734375,14728.2099609375,14728.2099609375,4618980000,-0.7708871189161415,-82.7173163718356
2021-07-19,14517.9599609375,14578.9599609375,14455.0703125,14549.08984375,14549.08984375,4507040000,-1.2161703130425638,-82.5045418031143
2021-07-16,14842.080078125,14875.9697265625,14667.099609375,14681.3798828125,14681.3798828125,4048940000,0.9092667684592604,-82.66218875910593
2021-07-15,14903.490234375,14907.509765625,14717.5498046875,14794.6904296875,14794.6904296875,4493540000,0.7717976632949375,-82.79497672669864
2021-07-14,14984.8603515625,15001.1298828125,14871.73046875,14900.4404296875,14900.4404296875,4461730000,0.7147834589887658,-82.91708259462496
2021-07-13,14871.0400390625,15002.2802734375,14843.7998046875,14874.5400390625,14874.5400390625,4553380000,-0.17382298695947096,-82.88733685239347
2021-07-12,14878.7099609375,14899.4599609375,14813.7900390625,14877.8896484375,14877.8896484375,3864500000,0.022519078682115,-82.89118959886929
2021-07-09,14709.3203125,14838.7197265625,14685.5400390625,14826.08984375,14826.08984375,3809040000,-0.34816634557401915,-82.83141436166555
2021-07-08,14577.669921875,14763.669921875,14551.759765625,14722.1396484375,14722.1396484375,4550600000,-0.7011302130771946,-82.71019028194874
2021-07-07,14889.759765625,14891.1904296875,14735.75,14810.5400390625,14810.5400390625,4582030000,0.6004588513353948,-82.81338881008318
2021-07-06,14755.150390625,14797.4501953125,14635.3095703125,14786.3603515625,14786.3603515625,4464780000,-0.16325999886720455,-82.78528406504279
2021-07-02,14633.509765625,14738.1396484375,14626.8203125,14727.6298828125,14727.6298828125,3731730000,-0.3971935442774077,-82.71663565764099
2021-07-01,14530.6298828125,14576.6396484375,14483.419921875,14560.0498046875,14560.0498046875,4371620000,-1.1378618247364414,-82.51771136922113
2021-06-30,14560.0703125,14582.2998046875,14530.8701171875,14554.7998046875,14554.7998046875,5264790000,-0.03605756896730705,-82.51140540716439
2021-06-29,14523.6298828125,14575.1904296875,14481.849609375,14572.75,14572.75,4842860000,0.1233283559607612,-82.53294723617283
2021-06-28,14401.6298828125,14530.0703125,14400.58984375,14524.98046875,14524.98046875,4235620000,-0.32780038942546996,-82.47550186303499
2021-06-25,14396.6298828125,14401.7099609375,14324.259765625,14345.1796875,14345.1796875,7436800000,-1.237872791890049,-82.25585188132119
2021-06-24,14358.2998046875,14429.1396484375,14337.650390625,14365.9599609375,14365.9599609375,4297280000,0.14485892745983442,-82.28151868331871
2021-06-23,14275.08984375,14324.740234375,14247.580078125,14274.240234375,14274.240234375,4394600000,-0.6384517763650677,-82.16766784188792
2021-06-22,14140.2998046875,14288.490234375,14128.009765625,14270.419921875,14270.419921875,4405260000,-0.026763683651620518,-82.16289397525887
2021-06-21,14055.0400390625,14150.91015625,13967.8896484375,14137.23046875,14137.23046875,4523120000,-0.9333253951471665,-81.99484731279415
2021-06-18,14125.1201171875,14140.6201171875,14024.599609375,14049.580078125,14049.580078125,6105960000,-0.6199968998082728,-81.8825194953419
2021-06-17,13946.7001953125,14205.4296875,13946.51953125,14163.8095703125,14163.8095703125,4526780000,0.8130455967531258,-82.02863488806095
2021-06-16,14053.1201171875,14100.1103515625,13843.599609375,13983.009765625,13983.009765625,4632480000,-1.2764913548856116,-81.79626579466347
2021-06-15,14120.8095703125,14126.259765625,14008.9296875,14030.41015625,14030.41015625,4517770000,0.338985607673159,-81.85776535900673
2021-06-14,14002.1396484375,14129.330078125,13963.9404296875,14128.2001953125,14128.2001953125,4394380000,0.6969863173881485,-81.9833390208814
2021-06-11,13959.4697265625,13998.650390625,13934.0,13998.2998046875,13998.2998046875,4140190000,-0.919440472453803,-81.81614933844854
2021-06-10,13834.259765625,13962.98046875,13817.830078125,13960.349609375,13960.349609375,4889500000,-0.2711057474264922,-81.76671786262963
2021-06-09,13865.509765625,13900.7099609375,13811.0498046875,13814.9404296875,13814.9404296875,5607720000,-1.0415869498701658,-81.57480341955986
2021-06-08,13873.4599609375,13913.400390625,13746.419921875,13810.8603515625,13810.8603515625,5894140000,-0.029533809036430547,-81.56936014958224
2021-06-07,13744.150390625,13808.419921875,13710.1103515625,13802.8896484375,13802.8896484375,4602940000,-0.05771329896980815,-81.55871707683492
2021-06-04,13619.7900390625,13784.76953125,13613.580078125,13770.76953125,13770.76953125,4341800000,-0.23270574499693053,-81.51570305592377
2021-06-03,13568.91015625,13608.5400390625,13469.849609375,13529.6796875,13529.6796875,5367460000,-1.7507361749312222,-81.18632524617465
2021-06-02,13655.7099609375,13712.6796875,13610.16015625,13675.7900390625,13675.7900390625,5059810000,1.079924691029377,-81.387328085836
2021-06-01,13764.26953125,13773.4501953125,13602.1201171875,13654.58984375,13654.58984375,4155670000,-0.15501989466016886,-81.35842994357152
2021-05-28,13717.0,13765.7998046875,13684.830078125,13686.509765625,13686.509765625,4435220000,0.23376697682069292,-81.40190614532187
2021-05-27,13686.8603515625,13724.759765625,13652.1298828125,13657.849609375,13657.849609375,5057550000,-0.20940441895553885,-81.36287919078129
2021-05-26,13687.7099609375,13726.0595703125,13661.0595703125,13702.740234375,13702.740234375,4231140000,0.3286800359054043,-81.42393500786724
2021-05-25,13701.2998046875,13734.41015625,13614.5400390625,13657.73046875,13657.73046875,4084480000,-0.32847273505256513,-81.36271661338775
2021-05-24,13504.3896484375,13687.6103515625,13500.1201171875,13641.75,13641.75,3490650000,-0.11700676614291305,-81.3408841853822
2021-05-21,13573.2197265625,13573.83984375,13401.5302734375,13411.740234375,13411.740234375,3704590000,-1.6860722826983365,-81.02088254649793
2021-05-20,13294.58984375,13526.009765625,13293.099609375,13494.08984375,13494.08984375,3972730000,0.6140113656834201,-81.13670531977687
2021-05-19,12998.5302734375,13243.98046875,12994.349609375,13237.91015625,13237.91015625,4314980000,-1.8984584397046533,-80.7716633396333
2021-05-18,13352.259765625,13400.51953125,13212.849609375,13217.6796875,13217.6796875,4283680000,-0.15282222428778525,-80.74223319204924
2021-05-17,13329.8603515625,13350.1396484375,13196.5703125,13312.91015625,13312.91015625,3980630000,0.7204779583216858,-80.87998865938695
2021-05-14,13238.990234375,13430.0,13220.1904296875,13393.1201171875,13393.1201171875,4008110000,0.6024975756321993,-80.9944963580663
2021-05-13,13133.73046875,13226.6396484375,13006.76953125,13109.150390625,13109.150390625,4681530000,-2.1202656593670044,-80.58280013736827
2021-05-12,13155.0703125,13236.8896484375,12967.1796875,13001.6298828125,13001.6298828125,4730740000,-0.8201943269290246,-80.42222433200044
2021-05-11,13102.6396484375,13381.66015625,13094.759765625,13351.26953125,13351.26953125,4719720000,2.689198597321285,-80.93492213843194
2021-05-10,13647.73046875,13648.490234375,13358.6201171875,13359.080078125,13359.080078125,4795690000,0.05850040594805872,-80.94606876555316
2021-05-07,13715.5595703125,13814.650390625,13669.7802734375,13719.6298828125,13719.6298828125,4376800000,2.698911920423974,-81.4468032054607
2021-05-06,13490.9404296875,13617.33984375,13403.4599609375,13613.73046875,13613.73046875,5000710000,-0.7718824411959369,-81.3024803342214
2021-05-05,13649.1201171875,13676.8603515625,13478.580078125,13503.3701171875,13503.3701171875,4517100000,-0.8106547416656285,-81.14966923404755
2021-05-04,13680.6298828125,13705.3798828125,13396.1103515625,13544.669921875,13544.669921875,5852850000,0.3058481277568692,-81.20714682363955
2021-05-03,13923.0400390625,13955.0,13784.66015625,13799.7197265625,13799.7197265625,4718850000,1.8830270959618423,-81.55448094542794
2021-04-30,13857.7900390625,13969.2099609375,13838.8203125,13860.759765625,13860.759765625,4762770000,0.44232810717892423,-81.63571135578478
2021-04-29,14063.9404296875,14073.48046875,13836.099609375,13970.2001953125,13970.2001953125,4854340000,0.7895702078245082,-81.77957440799806
2021-04-28,13953.6103515625,13992.080078125,13895.150390625,13901.6201171875,13901.6201171875,4532050000,-0.49090261532551693,-81.68968861051282
2021-04-27,14048.1298828125,14048.33984375,13931.1796875,13960.2802734375,13960.2802734375,4665430000,0.4219663302227339,-81.7666273041533
2021-04-26,13954.9404296875,14039.400390625,13919.9296875,14026.16015625,14026.16015625,4479480000,0.47190945684558727,-81.8522681668768
2021-04-23,13794.490234375,13989.4296875,13789.4501953125,13941.4404296875,13941.4404296875,4332500000,-0.6040122572302797,-81.74198753365343
2021-04-22,13920.8798828125,13954.0302734375,13716.759765625,13762.3603515625,13762.3603515625,4397030000,-1.2845163240353452,-81.5044086434517
2021-04-21,13768.919921875,13939.7001953125,13717.4404296875,13935.150390625,13935.150390625,3967090000,1.255526193534684,-81.7337462439366
2021-04-20,13891.9599609375,13934.8896484375,13730.58984375,13809.2998046875,13809.2998046875,4229410000,-0.90311609426309,-81.56727735915624
2021-04-19,13970.830078125,14025.6396484375,13835.75,13907.669921875,13907.669921875,4349340000,0.7123468863650118,-81.69765355419467
2021-04-16,14035.9599609375,14050.3798828125,13966.5400390625,14041.91015625,14041.91015625,4414640000,0.9652244777815566,-81.87262343002769
2021-04-15,13934.8701171875,14040.1103515625,13931.009765625,14026.1904296875,14026.1904296875,4382620000,-0.11194863368003682,-81.85230733604594
2021-04-14,13988.8603515625,13990.5400390625,13782.1796875,13803.91015625,13803.91015625,4102380000,-1.584751572793619,-81.56008042048775
2021-04-13,13874.580078125,14002.5302734375,13874.580078125,13986.490234375,13986.490234375,4200290000,1.3226692731141299,-81.80079570366661
2021-04-12,13792.740234375,13839.3896484375,13747.6298828125,13819.349609375,13819.349609375,4230160000,-1.1950147763962526,-81.58068213344994
2021-04-09,13709.669921875,13849.3095703125,13674.919921875,13845.0595703125,13845.0595703125,3906460000,0.1860432051017602,-81.61488638807516
2021-04-08,13730.73046875,13763.1796875,13703.509765625,13758.509765625,13758.509765625,4133640000,-0.6251313275176251,-81.49923229330938
2021-04-07,13553.900390625,13648.7998046875,13532.6298828125,13616.7001953125,13616.7001953125,4078990000,-1.0307044347695582,-81.30655815924565
2021-04-06,13567.2001953125,13660.2900390625,13551.599609375,13578.4599609375,13578.4599609375,4038510000,-0.2808333430750265,-81.25391289613613
2021-04-05,13434.0400390625,13623.599609375,13420.8095703125,13598.16015625,13598.16015625,4439970000,0.14508416542946545,-81.28107109791105
2021-04-01,13268.8798828125,13333.41015625,13255.8203125,13329.51953125,13329.51953125,4553470000,-1.9755659729932429,-80.90381333195793
2021-03-31,12970.330078125,13167.0595703125,12966.650390625,13091.4404296875,13091.4404296875,4980670000,-1.786104150298462,-80.55653275656096
2021-03-30,12904.009765625,12929.4599609375,12798.0302734375,12896.5302734375,12896.5302734375,4685320000,-1.4888365974457751,-80.26267625732363
2021-03-29,12950.509765625,13013.4697265625,12836.599609375,12965.740234375,12965.740234375,4934000000,0.5366556699366587,-80.36803232497181
2021-03-26,12777.26953125,12992.2998046875,12721.66015625,12979.1201171875,12979.1201171875,5195330000,0.10319412984247656,-80.38827047859847
2021-03-25,12707.580078125,12845.66015625,12627.9296875,12780.509765625,12780.509765625,5608640000,-1.5302297056292158,-80.08350231469701
2021-03-24,13072.8203125,13077.490234375,12797.849609375,12798.8798828125,12798.8798828125,6184470000,0.14373540276859664,-80.11208828470326
2021-03-23,13127.169921875,13180.66015625,12993.5,13017.7900390625,13017.7900390625,5607860000,1.7103852700733002,-80.4465279897544
2021-03-22,12943.1396484375,13167.4599609375,12943.1396484375,13086.509765625,13086.509765625,5302770000,0.5278908812962335,-80.54920695259148
2021-03-19,12792.669921875,12906.01953125,12704.0703125,12866.990234375,12866.990234375,7591530000,-1.6774490309602874,-80.2173633050537
2021-03-18,13006.2900390625,13040.3603515625,12781.5302734375,12789.1396484375,12789.1396484375,5699900000,-0.6050411519666565,-80.09694161130213
2021-03-17,13024.830078125,13280.2900390625,12950.080078125,13202.3798828125,13202.3798828125,5465500000,3.2311808748252124,-80.71991599821796
2021-03-16,13156.650390625,13297.48046875,13091.7802734375,13152.2802734375,13152.2802734375,5463770000,-0.37947407830781765,-80.64647438527139
2021-03-15,12936.1298828125,13085.009765625,12885.6396484375,13082.5400390625,13082.5400390625,5933440000,-0.5302520393809407,-80.54330486250872
2021-03-12,12873.3896484375,12943.580078125,12778.1298828125,12937.2900390625,12937.2900390625,5472340000,-1.110258402162767,-80.32485996715677
2021-03-11,12960.5302734375,13117.8603515625,12920.009765625,13052.900390625,13052.900390625,5956260000,0.8936210845813086,-80.49912390759657
2021-03-10,12950.25,12979.3798828125,12726.849609375,12752.0703125,12752.0703125,5991730000,-2.3046991022858454,-80.03908487592395
2021-03-09,12635.4501953125,12868.51953125,12592.830078125,12794.490234375,12794.490234375,6294910000,0.33265125454506883,-80.10526496161754
2021-03-08,12629.5595703125,12718.580078125,12287.5703125,12299.080078125,12299.080078125,5971260000,-3.8720585750183334,-79.30389984070518
2021-03-05,12594.16015625,12700.9599609375,12208.3896484375,12668.509765625,12668.509765625,7696900000,3.0037180435719124,-79.9074241664363
2021-03-04,12655.919921875,12799.080078125,12314.16015625,12464.0,12464.0,7799710000,-1.614315885676787,-79.57774445089358
2021-03-03,13020.099609375,13057.2900390625,12679.8896484375,12683.330078125,12683.330078125,5493960000,1.7597085857268935,-79.93090208989561
2021-03-02,13297.759765625,13301.6201171875,13052.1201171875,13059.9501953125,13059.9501953125,4920320000,2.9694103588540965,-80.50965054557226
2021-03-01,13106.01953125,13293.7802734375,13051.7001953125,13282.9501953125,13282.9501953125,5047710000,1.7075103401239522,-80.83686308980593
2021-02-26,12958.9599609375,13090.3603515625,12764.33984375,12909.4404296875,12909.4404296875,5883880000,-2.8119488527240777,-80.28241467548844
2021-02-25,13197.75,13294.5595703125,12773.759765625,12828.3095703125,12828.3095703125,6335240000,-0.628461472182984,-80.15771354994968
2021-02-24,13095.8603515625,13312.4296875,12971.8203125,13302.1904296875,13302.1904296875,5793430000,3.6940241952974295,-80.8645805734385
2021-02-23,12982.3603515625,13259.849609375,12758.1201171875,13194.7099609375,13194.7099609375,7482840000,-0.8079907539898623,-80.70870872359994
2021-02-22,13414.0400390625,13447.3701171875,13220.76953125,13223.740234375,13223.740234375,6435100000,0.22001448704400683,-80.75105918200207
2021-02-19,13686.23046875,13701.6904296875,13545.4501953125,13580.7802734375,13580.7802734375,6686060000,2.6999928366286063,-81.25711571507269
2021-02-18,13556.009765625,13669.9404296875,13477.169921875,13637.509765625,13637.509765625,6454280000,0.4177189457844177,-81.33508261122063
2021-02-17,13636.150390625,13713.1396484375,13552.66015625,13699.7099609375,13699.7099609375,7227140000,0.45609643095751995,-81.41982612114778
2021-02-16,13841.0302734375,13879.76953125,13726.7802734375,13773.76953125,13773.76953125,7646300000,0.540592249935723,-81.51972903375841
2021-02-12,13695.900390625,13816.25,13656.7802734375,13807.7001953125,13807.7001953125,7352960000,0.24634261510996236,-81.56514194518245
2021-02-11,13723.6298828125,13747.2001953125,13637.1904296875,13734.349609375,13734.349609375,10000200000,-0.5312295668354783,-81.466687509519
2021-02-10,13751.419921875,13770.91015625,13531.9296875,13655.26953125,13655.26953125,10165550000,-0.5757832032397103,-81.35935782288716
2021-02-09,13667.1396484375,13741.7900390625,13664.7001953125,13687.080078125,13687.080078125,8658980000,0.232954368291316,-81.40268108967385
2021-02-08,13672.330078125,13698.41015625,13607.9599609375,13695.01953125,13695.01953125,8439940000,0.05800691659347823,-81.41346256694025
2021-02-05,13592.76953125,13642.9599609375,13527.8095703125,13603.9599609375,13603.9599609375,6697720000,-0.6649101164457272,-81.28905157799943
2021-02-04,13454.849609375,13563.1298828125,13406.4404296875,13560.8896484375,13560.8896484375,7218680000,-0.3166012883283442,-81.229624326794
2021-02-03,13555.0302734375,13561.4501953125,13400.080078125,13402.3701171875,13402.3701171875,7465240000,-1.1689463992376359,-81.00761350877552
2021-02-02,13371.3701171875,13501.23046875,13363.759765625,13456.1201171875,13456.1201171875,7240220000,0.401048467771159,-81.08347793069008
2021-02-01,13067.650390625,13280.2197265625,12983.099609375,13248.900390625,13248.900390625,7014220000,-1.5399663852421974,-80.7876136389267
2021-01-29,13124.7001953125,13167.8701171875,12845.4296875,12925.3798828125,12925.3798828125,7809670000,-2.4418668589389125,-80.30673021049536
2021-01-28,13163.3203125,13401.849609375,13150.099609375,13201.5302734375,13201.5302734375,9823150000,2.136497287729311,-80.71867519205537
2021-01-27,13371.16015625,13393.509765625,13034.1396484375,13112.650390625,13112.650390625,11102160000,-0.6732543952978953,-80.58798293394216
2021-01-26,13507.4697265625,13536.2998046875,13440.3203125,13490.1904296875,13490.1904296875,6781460000,2.8792046444891417,-81.13125278025012
2021-01-25,13515.6298828125,13563.7001953125,13205.58984375,13483.2900390625,13483.2900390625,7139410000,-0.05115117285382498,-81.12159625531862
2021-01-22,13356.1796875,13404.76953125,13336.900390625,13366.400390625,13366.400390625,5931240000,-0.8669223023376249,-80.95650394083695
2021-01-21,13356.7001953125,13433.6904296875,13297.7900390625,13404.990234375,13404.990234375,7183390000,0.2887078242626018,-81.01132572918056
2021-01-20,13155.1201171875,13332.259765625,13138.2998046875,13296.4501953125,13296.4501953125,6771630000,-0.8096987552006274,-80.85631958717835
2021-01-19,12921.6103515625,13012.08984375,12861.2998046875,12996.5400390625,12996.5400390625,6229100000,-2.2555655971676525,-80.41455707449782
2021-01-15,12898.08984375,12941.2900390625,12758.099609375,12803.9296875,12803.9296875,6402970000,-1.482012527823473,-80.11993197583993
2021-01-14,13010.9404296875,13037.0498046875,12886.16015625,12898.6904296875,12898.6904296875,6671090000,0.7400910853174292,-80.26598168615561
2021-01-13,12911.8701171875,13008.849609375,12878.01953125,12973.6298828125,12973.6298828125,7072920000,0.5809849731141625,-80.37997110575185
2021-01-12,12916.099609375,12957.4296875,12783.7099609375,12892.08984375,12892.08984375,7181380000,-0.6285059755752997,-80.25587811991062
2021-01-11,12961.5,13023.2099609375,12883.58984375,12902.490234375,12902.490234375,6876420000,0.08067265083513409,-80.27179338714744
2021-01-08,13037.240234375,13113.08984375,12939.73046875,13105.2001953125,13105.2001953125,7223660000,1.5710917602358432,-80.57694736665617
2021-01-07,12745.41015625,12966.6796875,12744.8203125,12939.5703125,12939.5703125,6777010000,-1.2638485512929676,-80.32832721514976
2021-01-06,12601.259765625,12803.2900390625,12569.419921875,12623.349609375,12623.349609375,7648340000,-2.443826923831638,-79.83554278057699
2021-01-05,12663.1298828125,12809.669921875,12663.1298828125,12802.3798828125,12802.3798828125,6904420000,1.4182469707132217,-80.11752537465378
2021-01-04,12950.2197265625,12950.2197265625,12537.419921875,12694.66015625,12694.66015625,6546740000,-0.8414039229308945,-79.9488139082839
2020-12-31,12852.9599609375,12904.08984375,12804.75,12888.2802734375,12888.2802734375,4771390000,1.525209141515882,-80.2500420720466
2020-12-30,12900.0302734375,12917.4501953125,12828.7900390625,12845.3603515625,12845.3603515625,5292210000,-0.3330151188863928,-80.18405196915319
2020-12-29,12909.8603515625,12925.5302734375,12816.58984375,12843.490234375,12843.490234375,4680780000,-0.014558697742350635,-80.18116660510317
2020-12-28,12813.9697265625,12861.91015625,12747.0498046875,12838.8603515625,12838.8603515625,5076340000,-0.036048478474393075,-80.17401964084107
2020-12-24,12668.2001953125,12732.5498046875,12665.7998046875,12711.009765625,12711.009765625,3305950000,-0.9958094600035161,-79.97460486165029
2020-12-23,12733.75,12737.58984375,12649.599609375,12653.1396484375,12653.1396484375,7028650000,-0.45527553085515926,-79.8830171612391
2020-12-22,12715.48046875,12761.23046875,12606.419921875,12717.5595703125,12717.5595703125,5700760000,0.5091220334626945,-79.98491835192499
2020-12-21,12575.599609375,12706.4404296875,12474.0302734375,12690.259765625,12690.259765625,5156470000,-0.21466229064283082,-79.94186109148364
2020-12-18,12786.919921875,12793.4697265625,12611.2197265625,12738.1796875,12738.1796875,7088670000,0.377611827969071,-80.01731806202686
2020-12-17,12741.6396484375,12760.9697265625,12685.98046875,12752.0595703125,12752.0595703125,4994090000,0.10896284361665565,-80.0390680610799
2020-12-16,12607.8701171875,12698.1103515625,12568.7099609375,12668.16015625,12668.16015625,4561600000,-0.6579283416917381,-79.90686966185217
2020-12-15,12565.2802734375,12596.83984375,12467.5703125,12595.919921875,12595.919921875,4377950000,-0.5702504032470634,-79.79163135818254
2020-12-14,12427.8603515625,12544.3095703125,12426.25,12462.2099609375,12462.2099609375,4458140000,-1.0615339075416785,-79.57481105181814
2020-12-11,12327.0703125,12378.6103515625,12236.7998046875,12375.41015625,12375.41015625,4268140000,-0.696504110904661,-79.43155095869614
2020-12-10,12268.4697265625,12447.849609375,12226.1298828125,12401.740234375,12401.740234375,4470060000,0.21276125633462595,-79.47521973903928
2020-12-09,12626.9697265625,12643.240234375,12311.2998046875,12364.6396484375,12364.6396484375,5131720000,-0.2991562896525246,-79.41363433133057
2020-12-08,12574.83984375,12651.349609375,12504.9697265625,12635.7197265625,12635.7197265625,4758170000,2.1923815479673703,-79.85528338136778
2020-12-07,12523.5703125,12610.0,12523.1201171875,12596.4697265625,12596.4697265625,4741690000,-0.3106273393947645,-79.7925134033942
2020-12-04,12479.91015625,12531.2099609375,12450.509765625,12528.48046875,12528.48046875,5044210000,-0.5397485111969802,-79.68285189900138
2020-12-03,12469.16015625,12538.919921875,12445.3603515625,12467.1298828125,12467.1298828125,5182100000,-0.48968896180608956,-79.58287147429321
2020-12-02,12390.580078125,12472.25,12318.26953125,12456.41015625,12456.41015625,5150820000,-0.08598391661323035,-79.56530091967583
2020-12-01,12387.6201171875,12510.01953125,12338.3603515625,12455.330078125,12455.330078125,6467180000,-0.008670861921311612,-79.5635289014853
2020-11-30,12278.7802734375,12299.6103515625,12090.9296875,12268.3203125,12268.3203125,7693430000,-1.5014436747319948,-79.25200951064893
2020-11-27,12220.3701171875,12306.7099609375,12214.4501953125,12258.2099609375,12258.2099609375,3401890000,-0.08241023469365283,-79.2348969404832
2020-11-25,12112.1103515625,12174.990234375,12081.509765625,12152.2197265625,12152.2197265625,4425030000,-0.8646469159261594,-79.05378614841216
2020-11-24,11952.7001953125,12094.16015625,11878.3095703125,12079.8095703125,12079.8095703125,6277790000,-0.5958595045127857,-78.92822799213401
2020-11-23,11959.8896484375,12001.830078125,11817.5302734375,11905.9404296875,11905.9404296875,5360830000,-1.4393367677939528,-78.62050506070408
2020-11-20,11976.0,12017.419921875,11903.5703125,11906.4404296875,11906.4404296875,5319340000,0.004199584257569278,-78.62140287290352
2020-11-19,11863.1201171875,12000.2900390625,11842.66015625,11985.4296875,11985.4296875,5322580000,0.6634162265285237,-78.76229723916083
2020-11-18,11963.3603515625,12027.150390625,11892.5400390625,11894.7099609375,11894.7099609375,4699160000,-0.7569167641700347,-78.60031946974853
2020-11-17,12030.26953125,12047.1298828125,11964.2001953125,11977.490234375,11977.490234375,4122770000,0.6959419246820753,-78.74821951985128
2020-11-16,11925.3603515625,12035.5,11891.849609375,12013.3798828125,12013.3798828125,4138920000,0.2996424771401385,-78.81170864094324
2020-11-13,11910.6201171875,11957.08984375,11808.9501953125,11937.83984375,11937.83984375,3640680000,-0.6287992205305626,-78.67763376827949
2020-11-12,11924.150390625,11976.8896484375,11786.08984375,11827.1396484375,11827.1396484375,3862690000,-0.9273050799928129,-78.47805972277578
2020-11-11,11734.8095703125,11904.1298828125,11714.3203125,11892.9296875,11892.9296875,3823270000,0.5562633148682883,-78.59711611415659
2020-11-10,11704.4599609375,11761.9501953125,11512.4599609375,11624.2900390625,11624.2900390625,4712950000,-2.2588181003025065,-78.10249122237221
2020-11-09,12194.7099609375,12268.66015625,11818.240234375,11830.3896484375,11830.3896484375,5823620000,1.7730081465828773,-78.48397214899163
2020-11-06,12044.2900390625,12116.91015625,11895.5,12091.349609375,12091.349609375,4156030000,2.205844174980043,-78.94833898717947
2020-11-05,12021.76953125,12117.0400390625,11977.0703125,12078.0703125,12078.0703125,3823380000,-0.10982476980654354,-78.925193629596
2020-11-04,11627.759765625,11846.4599609375,11564.91015625,11777.01953125,11777.01953125,3606820000,-2.4925403931324364,-78.38646760424915
2020-11-03,11155.849609375,11356.080078125,11115.5498046875,11279.91015625,11279.91015625,3190710000,-4.221011722710777,-77.43395207602565
2020-11-02,11152.48046875,11222.51953125,10957.1103515625,11084.759765625,11084.759765625,3196720000,-1.7300704342655626,-77.03667029813069
2020-10-30,11265.7001953125,11293.759765625,10960.01953125,11052.9501953125,11052.9501953125,3662840000,-0.28696670911303457,-76.9705835395863
2020-10-29,11214.330078125,11467.3701171875,11187.080078125,11350.740234375,11350.740234375,3222460000,2.6942131630050437,-77.5747671157873
2020-10-28,11400.48046875,11426.099609375,11136.099609375,11142.759765625,11142.759765625,3912580000,-1.8323075363855468,-77.15619841779967
2020-10-27,11560.8603515625,11633.490234375,11503.099609375,11598.9501953125,11598.9501953125,3079530000,4.094052454534913,-78.05465245751884
2020-10-26,11584.169921875,11708.080078125,11360.73046875,11504.51953125,11504.51953125,3186950000,-0.8141311280107311,-77.8745220543421
2020-10-23,11680.73046875,11693.009765625,11569.08984375,11692.5703125,11692.5703125,3134240000,1.6345817896974646,-78.23036455107378
2020-10-22,11712.6396484375,11739.2197265625,11529.73046875,11662.91015625,11662.91015625,3414590000,-0.25366669138856546,-78.17500180024484
2020-10-21,11686.1904296875,11789.4599609375,11646.48046875,11665.3701171875,11665.3701171875,3445520000,0.02109217086081472,-78.17960419541045
2020-10-20,11679.080078125,11801.400390625,11613.759765625,11677.83984375,11677.83984375,3483200000,0.10689525010549872,-78.20290425542234
2020-10-19,11913.009765625,11962.4697265625,11606.48046875,11634.349609375,11634.349609375,3455430000,-0.3724167736233852,-78.12142477144138
2020-10-16,11952.1201171875,12034.1298828125,11824.1396484375,11852.169921875,11852.169921875,3156270000,1.872217354758532,-78.52351131970659
2020-10-15,11767.26953125,11928.6298828125,11765.490234375,11898.5703125,11898.5703125,3304490000,0.39149278934451637,-78.60726234506903
2020-10-14,12105.099609375,12159.2099609375,11913.5703125,11985.3603515625,11985.3603515625,3393010000,0.7294156926679118,-78.7621743779378
2020-10-13,12131.0703125,12187.7802734375,12032.75,12083.169921875,12083.169921875,3607730000,0.8160753406112553,-78.93408809030768
2020-10-12,11900.1201171875,12204.75,11880.23046875,12088.1103515625,12088.1103515625,3862990000,0.04088686759717852,-78.94269776159344
2020-10-09,11615.5703125,11727.599609375,11600.8603515625,11725.849609375,11725.849609375,3475620000,-2.996835168208689,-78.29214925624225
2020-10-08,11576.4404296875,11582.7802734375,11510.240234375,11550.9404296875,11550.9404296875,3486530000,-1.491654639231066,-77.96343988495931
2020-10-07,11412.650390625,11519.5498046875,11382.48046875,11503.1904296875,11503.1904296875,3891460000,-0.4133862544843159,-77.87196563249648
2020-10-06,11476.6796875,11536.419921875,11256.259765625,11291.26953125,11291.26953125,4360550000,-1.8422793200969179,-77.45665423541764
2020-10-05,11345.240234375,11512.0595703125,11336.0703125,11509.0595703125,11509.0595703125,3597940000,1.9288357120493815,-77.88325000761543
2020-10-02,11328.849609375,11479.080078125,11225.169921875,11255.6904296875,11255.6904296875,3715090000,-2.201475620810611,-77.38539499161318
2020-10-01,11554.9599609375,11606.73046875,11488.599609375,11583.2001953125,11583.2001953125,3978100000,2.9097261307149624,-78.02481275709357
2020-09-30,11328.5498046875,11535.009765625,11328.5498046875,11418.0595703125,11418.0595703125,4228200000,-1.4256908472222496,-77.70698325783074
2020-09-29,11354.7001953125,11396.2197265625,11305.7900390625,11322.9501953125,11322.9501953125,3363870000,-0.8329731896590253,-77.51972862430864
2020-09-28,11332.3203125,11369.400390625,11243.240234375,11364.4501953125,11364.4501953125,3562900000,0.36651225417541067,-77.60182069616937
2020-09-25,10910.5,11177.73046875,10851.6796875,11151.1298828125,11151.1298828125,3767230000,-1.8770843185004105,-77.17334513730347
2020-09-24,10746.349609375,11026.4296875,10728.41015625,10896.4697265625,10896.4697265625,4080730000,-2.2837161698072705,-76.63986597938606
2020-09-23,11167.2197265625,11179.58984375,10806.0498046875,10833.330078125,10833.330078125,4074600000,-0.5794505011433526,-76.50371664775139
2020-09-22,11082.08984375,11207.080078125,10943.259765625,11186.3701171875,11186.3701171875,3492020000,3.258832109024068,-77.24525556570265
2020-09-21,10768.009765625,10984.759765625,10677.849609375,10980.2197265625,10980.2197265625,3885200000,-1.842871176846339,-76.81804194243111
2020-09-18,11147.7998046875,11153.9697265625,10769.400390625,10936.98046875,10936.98046875,5745690000,-0.3937922818420425,-76.72639227149004
2020-09-17,10965.740234375,11160.0400390625,10936.7998046875,11080.9501953125,11080.9501953125,3726750000,1.3163571698227017,-77.02877563047434
2020-09-16,11467.900390625,11486.08984375,11242.9599609375,11247.599609375,11247.599609375,3661710000,1.5039271102671004,-77.36912745792462
2020-09-15,11432.9404296875,11495.400390625,11367.2001953125,11438.8701171875,11438.8701171875,3772820000,1.700545133675213,-77.74754057381958
2020-09-14,11250.7998046875,11363.25,11192.8203125,11277.759765625,11277.759765625,3716820000,-1.4084463754896803,-77.42964928727083
2020-09-11,11251.1904296875,11280.41015625,10945.2197265625,11087.400390625,11087.400390625,3609190000,-1.6879183362304095,-77.0421393477147
2020-09-10,11501.4296875,11566.33984375,11095.9404296875,11154.1201171875,11154.1201171875,3814100000,0.6017616773262402,-77.17946458440639
2020-09-09,11308.25,11480.3701171875,11197.1298828125,11395.849609375,11395.849609375,3531780000,2.1671766992630515,-77.66353524403672
2020-09-08,11143.91015625,11400.4599609375,11055.16015625,11068.259765625,11068.259765625,3872230000,-2.874641689554258,-77.00243773148479
2020-09-04,11686.240234375,11846.1796875,11145.990234375,11622.1298828125,11622.1298828125,4269190000,5.0041300883420625,-78.09842122479668
2020-09-03,12195.75,12235.0,11662.1103515625,11771.3701171875,11771.3701171875,4437500000,1.2841039971142054,-78.37609465763025
2020-09-02,12417.4501953125,12439.48046875,12176.1796875,12420.5400390625,12420.5400390625,3966140000,5.5148204109829235,-79.50628617084871
2020-09-01,12203.3603515625,12300.4404296875,12132.7802734375,12292.8603515625,12292.8603515625,3480780000,-1.0279721098957695,-79.29342838978005
2020-08-31,12017.4599609375,12167.4599609375,12000.1103515625,12110.7001953125,12110.7001953125,3596980000,-1.481837026049404,-78.98197552090468
2020-08-28,11992.6796875,12018.1396484375,11928.6904296875,11995.849609375,11995.849609375,2997810000,-0.948339766365891,-78.7807448865371
2020-08-27,11997.8896484375,12047.990234375,11842.83984375,11926.16015625,11926.16015625,3535800000,-0.5809463722397434,-78.6567520619227
2020-08-26,11779.349609375,11979.650390625,11768.0,11971.9404296875,11971.9404296875,3441550000,0.38386431875567784,-78.73836788121183
2020-08-25,11610.580078125,11723.9501953125,11580.8896484375,11721.8095703125,11721.8095703125,3454500000,-2.089309254786609,-78.28466742807898
2020-08-24,11703.33984375,11728.08984375,11535.5498046875,11626.169921875,11626.169921875,3885880000,-0.8159119789808211,-78.10603191983871
2020-08-21,11476.849609375,11574.7900390625,11461.5302734375,11555.16015625,11555.16015625,3905670000,-0.6107752260819166,-77.97148722111096
2020-08-20,11277.0498046875,11497.1796875,11268.4599609375,11477.0498046875,11477.0498046875,4170980000,-0.6759780955545747,-77.82156586441744
2020-08-19,11397.23046875,11440.2197265625,11303.400390625,11318.6396484375,11318.6396484375,3467890000,-1.3802341102092441,-77.51116732484708
2020-08-18,11339.759765625,11421.099609375,11279.080078125,11399.0302734375,11399.0302734375,3199470000,0.7102498842349592,-77.66976777338601
2020-08-17,11231.9697265625,11306.4697265625,11228.1396484375,11288.5703125,11288.5703125,3193160000,-0.969029455030912,-77.45126387863277
2020-08-14,11187.8203125,11213.26953125,11106.9296875,11164.4501953125,11164.4501953125,3491320000,-1.0995202559004325,-77.20057963347494
2020-08-13,11174.6396484375,11271.2197265625,11139.6396484375,11178.3701171875,11178.3701171875,3444140000,0.12468076467253564,-77.22897072689645
2020-08-12,10972.0703125,11190.259765625,10970.8701171875,11157.7197265625,11157.7197265625,3716840000,-0.1847352557529658,-77.18682675295315
2020-08-11,11039.6796875,11090.919921875,10855.0595703125,10876.080078125,10876.080078125,4303980000,-2.524168515964942,-76.596072175303
2020-08-10,11153.509765625,11159.3798828125,10941.8701171875,11085.169921875,11085.169921875,4018530000,1.9224742944890627,-77.03751995161045
2020-08-07,11235.240234375,11276.2998046875,11044.599609375,11139.3896484375,11139.3896484375,4230720000,0.48911948977439224,-77.1492872412658
2020-08-06,11116.490234375,11282.240234375,11090.5,11267.080078125,11267.080078125,4086290000,1.1462964643256912,-77.40825560845556
2020-08-05,11107.240234375,11141.6904296875,11077.7001953125,11125.4404296875,11125.4404296875,4119550000,-1.2571105153720619,-77.12063672689924
2020-08-04,11048.5,11097.849609375,11002.5498046875,11096.5400390625,11096.5400390625,3973570000,-0.2597685081112022,-77.0610485549541
2020-08-03,11018.01953125,11085.5,10997.669921875,11055.080078125,11055.080078125,4173600000,-0.3736296250142046,-76.97502041005258
2020-07-31,10886.3603515625,10908.33984375,10707.400390625,10905.8798828125,10905.8798828125,4418390000,-1.3496075492725468,-76.66002230913817
2020-07-30,10578.6298828125,10737.0302734375,10531.7900390625,10715.509765625,10715.509765625,4135200000,-1.7455732066838592,-76.24536781435933
2020-07-29,10602.400390625,10694.8798828125,10587.2001953125,10662.98046875,10662.98046875,3970900000,-0.49021743271152607,-76.12834479908767
2020-07-28,10644.33984375,10662.1904296875,10527.4296875,10532.5,10532.5,3869230000,-1.2236772742142743,-75.83261398869571
2020-07-27,10547.1103515625,10689.5498046875,10527.6396484375,10674.3798828125,10674.3798828125,4209900000,1.3470674845715624,-76.15383788486689
2020-07-24,10389.5400390625,10543.419921875,10313.9404296875,10483.1298828125,10483.1298828125,4205330000,-1.7916731660257312,-75.71879810614618
2020-07-23,10853.16015625,10885.3798828125,10531.2197265625,10580.58984375,10580.58984375,4469470000,0.9296838065250945,-75.94245718593636
2020-07-22,10850.919921875,10910.240234375,10776.240234375,10870.75,10870.75,4074020000,2.7423816680825164,-76.58459690784329
2020-07-21,11015.5400390625,11017.4296875,10800.8701171875,10833.0703125,10833.0703125,5311750000,-0.34661534392751436,-76.5031532316049
2020-07-20,10672.9599609375,10971.51953125,10621.900390625,10952.080078125,10952.080078125,4274340000,1.0985783549071648,-76.75847954467838
2020-07-17,10651.599609375,10680.7001953125,10558.7802734375,10645.2197265625,10645.2197265625,4334280000,-2.801845397162528,-76.08851675189815
2020-07-16,10589.8603515625,10658.900390625,10495.08984375,10626.4599609375,10626.4599609375,4237290000,-0.17622713393308231,-76.04630383968379
2020-07-15,10752.1103515625,10780.400390625,10570.9599609375,10701.6796875,10701.6796875,4610540000,0.7078531029054425,-76.21466904289996
2020-07-14,10502.849609375,10701.8798828125,10370.7900390625,10689.51953125,10689.51953125,4419480000,-0.11362848267831849,-76.18761138702958
2020-07-13,10951.5400390625,11069.259765625,10574.5595703125,10602.2099609375,10602.2099609375,4822050000,-0.8167773121818711,-75.99151553290362
2020-07-10,10751.76953125,10842.7802734375,10639.48046875,10836.330078125,10836.330078125,3509810000,2.208219965932434,-76.51022151144127
2020-07-09,10745.8701171875,10785.9599609375,10574.9697265625,10754.58984375,10754.58984375,3992920000,-0.7543165793741036,-76.3316875062428
2020-07-08,10594.41015625,10669.1298828125,10528.8203125,10666.7001953125,10666.7001953125,3999180000,-0.8172291990156788,-76.1366694007279
2020-07-07,10595.9404296875,10704.9296875,10516.6298828125,10524.009765625,10524.009765625,4314110000,-1.3377185734554153,-75.81311697415119
2020-07-06,10487.7001953125,10625.099609375,10485.8203125,10604.0595703125,10604.0595703125,4529480000,0.7606397796110942,-75.99570320439447
2020-07-02,10386.3798828125,10432.5498046875,10328.7802734375,10341.8896484375,10341.8896484375,4017530000,-2.4723542916429864,-75.38718727263543
2020-07-01,10160.41015625,10321.76953125,10142.75,10279.25,10279.25,4595970000,-0.6056886175242027,-75.237201822695
2020-06-30,9970.2099609375,10185.349609375,9956.830078125,10156.849609375,10156.849609375,4474000000,-1.190752152394392,-74.93878486404745
2020-06-29,9850.5498046875,9965.080078125,9742.8896484375,9961.16015625,9961.16015625,4306120000,-1.9266747136274853,-74.44645109893622
2020-06-26,10087.080078125,10093.98046875,9837.740234375,9849.3603515625,9849.3603515625,7279230000,-1.1223572649552538,-74.1563935039008
2020-06-25,10003.5,10110.2900390625,9901.2099609375,10101.830078125,10101.830078125,4709620000,2.563310890767112,-74.80228916983445
2020-06-24,10183.76953125,10232.419921875,9943.240234375,10002.7001953125,10002.7001953125,5549440000,-0.9813061796313582,-74.55257198617757
2020-06-23,10192.419921875,10306.900390625,10172.0703125,10209.8203125,10209.8203125,5712450000,2.070642058077099,-75.06880773871968
2020-06-22,10009.0,10134.6396484375,9989.490234375,10130.330078125,10130.330078125,4468000000,-0.7785664384091007,-74.87317874136087
2020-06-19,10104.6298828125,10121.669921875,9937.8095703125,10008.6396484375,10008.6396484375,6068130000,-1.2012484168731352,-74.56767331974025
2020-06-18,9972.349609375,10018.5595703125,9942.1103515625,10012.0498046875,10012.0498046875,4294740000,0.034072125381512386,-74.57633570251627
2020-06-17,9998.8603515625,10058.650390625,9952.5,9982.48046875,9982.48046875,4249680000,-0.29533748347572164,-74.5010276793523
2020-06-16,9983.650390625,10010.8896484375,9801.4501953125,9949.3701171875,9949.3701171875,4639860000,-0.3316846115166583,-74.41617005237946
2020-06-15,9517.1396484375,9809.41015625,9489.580078125,9776.8896484375,9776.8896484375,4440650000,-1.7335817917964569,-73.96482906966814
2020-06-12,9785.580078125,9849.009765625,9499.08984375,9663.7802734375,9663.7802734375,4366190000,-1.1569055094947989,-73.66010133076846
2020-06-11,9907.5595703125,9978.1904296875,9586.25,9588.48046875,9588.48046875,5271000000,-0.7791961588207275,-73.45325007506159
2020-06-10,10037.98046875,10155.2001953125,10022.4404296875,10094.259765625,10094.259765625,5128400000,5.27486392159211,-74.78339184108542
2020-06-09,9861.1796875,10006.900390625,9859.0,9967.169921875,9967.169921875,5281860000,-1.2590308422891217,-74.46185876640715
2020-06-08,9805.6904296875,9904.51953125,9753.8701171875,9901.51953125,9901.51953125,6143120000,-0.6586663129010795,-74.2925323370111
2020-06-05,9673.08984375,9846.6298828125,9659.4501953125,9824.3896484375,9824.3896484375,6572850000,-0.7789701628025059,-74.09070667259765
2020-06-04,9672.169921875,9741.9697265625,9577.7099609375,9629.66015625,9629.66015625,6074320000,-1.9821026970206823,-73.56677296666021
2020-06-03,9689.7197265625,9729.6904296875,9648.9296875,9704.6904296875,9704.6904296875,4638380000,0.7791580618637051,-73.77113726519363
2020-06-02,9603.1796875,9660.080078125,9511.8798828125,9657.3095703125,9657.3095703125,3962460000,-0.4882263861818559,-73.64245276484124
2020-06-01,9526.4296875,9609.3798828125,9515.33984375,9598.8896484375,9598.8896484375,3824770000,-0.6049295763966067,-73.48203776824367
2020-05-29,9440.6396484375,9573.5498046875,9379.9296875,9555.5302734375,9555.5302734375,4710060000,-0.45171240203868424,-73.36170930548542
2020-05-28,9404.830078125,9568.8896484375,9391.83984375,9416.7099609375,9416.7099609375,4064220000,-1.4527745559646532,-72.96900995995837
2020-05-27,9366.6298828125,9445.0595703125,9182.4501953125,9442.0498046875,9442.0498046875,4462450000,0.26909444864624543,-73.04155364254754
2020-05-26,9570.5302734375,9570.5302734375,9379.900390625,9389.98046875,9389.98046875,4432310000,-0.5514622038071626,-72.89206361917519
2020-05-22,9363.669921875,9421.9296875,9325.0703125,9413.990234375,9413.990234375,3641830000,0.255695586427529,-72.96120063577251
2020-05-21,9487.6298828125,9515.0498046875,9361.830078125,9377.990234375,9377.990234375,3725950000,-0.3824095745133316,-72.85740475277574
2020-05-20,9415.25,9498.2802734375,9412.830078125,9485.01953125,9485.01953125,4292470000,1.1412818119887147,-73.16368276043843
2020-05-19,9326.2802734375,9422.900390625,9296.25,9298.5400390625,9298.5400390625,4144770000,-1.9660422582485126,-72.62548829227539
2020-05-18,9281.3603515625,9367.5400390625,9248.7802734375,9331.9296875,9331.9296875,4318310000,0.35908484877444913,-72.72343430694515
2020-05-15,8976.2900390625,9157.4599609375,8958.080078125,9152.6396484375,9152.6396484375,4221500000,-1.9212536427771876,-72.18911669842514
2020-05-14,8946.4501953125,9097.75,8860.76953125,9094.419921875,9094.419921875,3945080000,-0.6360976592412748,-72.01107983239208
2020-05-13,9123.6904296875,9209.490234375,8890.16015625,9000.080078125,9000.080078125,4244110000,-1.0373376703563308,-71.71769684774941
2020-05-12,9326.0595703125,9354.4501953125,9109.08984375,9112.4501953125,9112.4501953125,4315070000,1.248545748616392,-72.06645987541297
2020-05-11,9155.2099609375,9346.26953125,9155.2099609375,9298.919921875,9298.919921875,3898690000,2.046318197255226,-72.62660660564788
2020-05-08,9165.7001953125,9224.490234375,9126.9697265625,9220.349609375,9220.349609375,3777340000,-0.8449401990780592,-72.39334689595174
2020-05-07,9104.669921875,9136.1796875,9045.23046875,9101.8798828125,9101.8798828125,3762070000,-1.2848723918455707,-72.03401973643622
2020-05-06,8997.01953125,9065.580078125,8950.8896484375,8984.8603515625,8984.8603515625,3620030000,-1.2856633218262248,-71.6697885994637
2020-05-05,8922.3896484375,9031.0,8900.5703125,8930.6201171875,8930.6201171875,3913360000,-0.6036847792026845,-71.49772470176178
2020-05-04,8683.9404296875,8840.330078125,8665.400390625,8834.1103515625,8834.1103515625,3422150000,-1.0806614138615278,-71.1863466682821
2020-05-01,8791.8798828125,8887.580078125,8688.580078125,8718.1796875,8718.1796875,3722520000,-1.3123071758096794,-70.80319489984561
2020-04-30,9005.240234375,9023.0302734375,8920.419921875,9000.509765625,9000.509765625,4316380000,3.2384062756793286,-71.71904705484347
2020-04-29,8871.0400390625,9025.8203125,8832.0,8982.759765625,8982.759765625,4378540000,-0.1972110520649717,-71.66316368181845
2020-04-28,8913.2802734375,8918.3798828125,8668.669921875,8677.599609375,8677.599609375,3707540000,-3.397175970549493,-70.66665845136914
2020-04-27,8865.580078125,8887.6201171875,8803.8896484375,8837.66015625,8837.66015625,3678460000,1.844525607082348,-71.19792018885796
2020-04-24,8666.5703125,8791.3603515625,8599.990234375,8786.599609375,8786.599609375,3673170000,-0.5777609228262759,-71.0305460041136
2020-04-23,8693.73046875,8796.490234375,8624.6298828125,8641.5,8641.5,3734720000,-1.6513738627646601,-70.5441192890051
2020-04-22,8575.5703125,8708.48046875,8550.6103515625,8664.6396484375,8664.6396484375,3025060000,0.2677735166059181,-70.62278369418809
2020-04-21,8639.740234375,8663.08984375,8359.83984375,8403.0,8403.0,3756290000,-3.019625270679105,-69.70808126097079
2020-04-20,8742.5400390625,8855.1796875,8725.330078125,8726.509765625,8726.509765625,3796950000,3.8499317580031,-70.83106533992036
2020-04-17,8876.66015625,8879.240234375,8704.3798828125,8832.41015625,8832.41015625,4335020000,1.2135480675465216,-71.18080018238935
2020-04-16,8689.08984375,8793.349609375,8605.509765625,8757.830078125,8757.830078125,3995870000,-0.8443910190496062,-70.93538115110832
2020-04-15,8548.4697265625,8666.240234375,8500.5595703125,8591.9599609375,8591.9599609375,3333750000,-1.8939636383423886,-70.37428080189885
2020-04-14,8489.26953125,8708.5498046875,8470.740234375,8692.16015625,8692.16015625,3732820000,1.1662088250882219,-70.71579577591697
2020-04-13,8209.6796875,8338.150390625,8158.580078125,8332.740234375,8332.740234375,3146860000,-4.134989639100972,-69.45266670932595
2020-04-09,8284.3095703125,8334.23046875,8167.93017578125,8238.5302734375,8238.5302734375,4123670000,-1.130599998171744,-69.10334917567096
2020-04-08,8134.2998046875,8254.41015625,8058.41015625,8229.5400390625,8229.5400390625,3470730000,-0.1091242500374845,-69.06959660493253
2020-04-07,8287.48046875,8305.58984375,8043.06982421875,8049.31005859375,8049.31005859375,4069410000,-2.1900371055158185,-68.3770420929055
2020-04-06,7819.06005859375,8110.66015625,7763.08984375,8081.66015625,8081.66015625,3849100000,0.40189901271987516,-68.50362571021869
2020-04-03,7631.56982421875,7673.490234375,7439.77978515625,7528.10986328125,7528.10986328125,3279100000,-6.849462638448845,-66.1876622702321
2020-04-02,7445.8798828125,7641.8701171875,7432.27978515625,7635.66015625,7635.66015625,3608190000,1.428649354512368,-66.66391799067799
2020-04-01,7582.77978515625,7701.68017578125,7423.97021484375,7486.2900390625,7486.2900390625,3685510000,-1.9562174603231397,-65.99878019207246
2020-03-31,7855.740234375,8011.60009765625,7765.4599609375,7813.5,7813.5,4059700000,4.370789259167895,-67.42266677365298
2020-03-30,7678.830078125,7902.08984375,7651.43017578125,7889.009765625,7889.009765625,3846900000,0.9664013006335237,-67.73448116730826
2020-03-27,7657.43994140625,7817.740234375,7580.22021484375,7588.3701171875,7588.3701171875,3977010000,-3.8108667294022847,-66.45617053027924
2020-03-26,7549.830078125,7913.10986328125,7549.830078125,7897.1298828125,7897.1298828125,3999850000,4.06885485099977,-67.7676577514502
2020-03-25,7543.9599609375,7777.60986328125,7390.41015625,7469.6201171875,7469.6201171875,4666440000,-5.413482771195676,-65.92289980338326
2020-03-24,7349.0,7555.91015625,7304.39013671875,7553.830078125,7553.830078125,4417380000,1.1273660456136758,-66.30279069935807
2020-03-23,6952.7099609375,7145.2900390625,6771.91015625,7006.919921875,7006.919921875,4330610000,-7.2401702261451035,-63.6726270598011
2020-03-20,7391.22021484375,7487.830078125,6969.77001953125,6994.2900390625,6994.2900390625,5239940000,-0.1802487106077888,-63.60702919918075
2020-03-19,7190.2099609375,7514.14013671875,7037.47021484375,7288.52001953125,7288.52001953125,4762170000,4.206716890856699,-65.07617561837566
2020-03-18,7023.85986328125,7336.8798828125,6837.52978515625,7175.18017578125,7175.18017578125,4890820000,-1.5550460648565134,-64.52451549255385
2020-03-17,7198.52978515625,7550.1298828125,6959.14990234375,7473.9501953125,7473.9501953125,4900000000,4.163937520896033,-65.94264257691917
2020-03-16,7502.259765625,7563.4501953125,6993.60986328125,7020.3798828125,7020.3798828125,4594360000,-6.068682566074224,-63.74227642762721
2020-03-13,7683.0400390625,7998.509765625,7301.8798828125,7995.259765625,7995.259765625,4685890000,13.886426362756099,-68.16326165430542
2020-03-12,7452.759765625,7808.31005859375,7255.6201171875,7263.64990234375,7263.64990234375,5066530000,-9.150545257162879,-64.95659942504531
2020-03-11,8166.259765625,8224.73046875,7900.990234375,8006.1201171875,8006.1201171875,4273890000,10.221723580099562,-68.20644838720183
2020-03-10,8213.9697265625,8376.4404296875,7942.1298828125,8372.26953125,8372.26953125,4431930000,4.573368981517678,-69.59689457990268
2020-03-09,7912.14013671875,8241.76953125,7912.14013671875,7948.02978515625,7948.02978515625,4530350000,-5.0672012470483585,-67.97407658946531
2020-03-06,8395.9501953125,8571.8798828125,8319.900390625,8530.33984375,8530.33984375,4279850000,7.326470513249372,-70.16027522624894
2020-03-05,8713.1904296875,8864.1904296875,8613.91015625,8671.66015625,8671.66015625,3748090000,1.6566785742251788,-70.64656725729692
2020-03-04,8745.6396484375,8952.1103515625,8669.759765625,8949.2802734375,8949.2802734375,3602870000,3.2014644506958456,-71.55715483405123
2020-03-03,8892.6796875,9000.4599609375,8516.580078125,8594.490234375,8594.490234375,4336700000,-3.964453321632555,-70.38300280498567
2020-03-02,8569.91015625,8879.3896484375,8446.5,8877.98046875,8877.98046875,4232760000,3.2985113327738347,-71.32872796239643
2020-02-28,8133.85009765625,8490.4697265625,8133.85009765625,8461.830078125,8461.830078125,5301170000,-4.687444313375389,-69.91868297827307
2020-02-27,8632.5400390625,8786.6796875,8430.5302734375,8436.669921875,8436.669921875,4536080000,-0.297337053778024,-69.82897333649723
2020-02-26,8883.009765625,9032.8798828125,8813.919921875,8873.759765625,8873.759765625,3567830000,5.180833762580805,-71.31509079723949
2020-02-25,9167.330078125,9183.7802734375,8807.1103515625,8834.8701171875,8834.8701171875,3583400000,-0.4382544655778253,-71.18882453417505
2020-02-24,9055.2998046875,9194.91015625,9028.8701171875,9079.6298828125,9079.6298828125,3177000000,2.7703832923229976,-71.96548797149698
2020-02-21,9582.5400390625,9594.0,9406.3798828125,9446.6904296875,9446.6904296875,2743010000,4.042681823075589,-73.05479680331995
2020-02-20,9696.66015625,9714.23046875,9513.23046875,9627.830078125,9627.830078125,2735610000,1.9174932192997929,-73.5617484834512
2020-02-19,9683.9404296875,9736.5703125,9676.0703125,9718.73046875,9718.73046875,2462530000,0.9441420329127981,-73.80902845463918
2020-02-18,9567.2802734375,9647.7197265625,9567.2802734375,9629.7998046875,9629.7998046875,2273460000,-0.915044041487223,-73.56715629330543
2020-02-14,9613.8798828125,9634.75,9583.080078125,9623.580078125,9623.580078125,2222240000,-0.06458832674249848,-73.55007272785575
2020-02-13,9540.669921875,9636.41015625,9532.740234375,9595.7001953125,9595.7001953125,2239270000,-0.28970385850347613,-73.47322363318449
2020-02-12,9569.8203125,9615.91015625,9552.0302734375,9613.2001953125,9613.2001953125,2355000000,0.18237335101973784,-73.52151333661183
2020-02-11,9567.8095703125,9600.0498046875,9493.6298828125,9517.8603515625,9517.8603515625,2423670000,-0.9917596826547803,-73.25627990304822
2020-02-10,9373.2001953125,9517.740234375,9373.2001953125,9516.83984375,9516.83984375,2179310000,-0.010722029687404433,-73.253412125956
2020-02-07,9397.76953125,9453.240234375,9376.91015625,9401.099609375,9401.099609375,2238670000,-1.2161624685846806,-72.92412550227357
2020-02-06,9395.6904296875,9448.7197265625,9357.8603515625,9445.919921875,9445.919921875,2267300000,0.4767560643151203,-73.05259887132982
2020-02-05,9441.33984375,9442.75,9311.8798828125,9367.48046875,9367.48046875,2462470000,-0.8304056542269511,-72.82695234719515
2020-02-04,9256.9404296875,9352.9599609375,9224.8603515625,9334.0595703125,9334.0595703125,2445420000,-0.35677574721391103,-72.72965838212018
2020-02-03,9033.51953125,9148.5,9031.0703125,9126.23046875,9126.23046875,2420510000,-2.2265671222359895,-72.10863849694927
2020-01-31,9169.91015625,9170.2197265625,8961.58984375,8991.509765625,8991.509765625,2685840000,-1.4761922086704904,-71.69073939760446
2020-01-30,9038.919921875,9140.6904296875,9019.7197265625,9136.08984375,9136.08984375,2333500000,1.6079621987147963,-72.13873795930374
2020-01-29,9141.51953125,9153.080078125,9067.2900390625,9101.6103515625,9101.6103515625,2223480000,-0.37739878632090385,-72.03319156369243
2020-01-28,9013.23046875,9111.3203125,8994.2802734375,9090.9296875,9090.9296875,2157830000,-0.11734916844321486,-72.00033418869597
2020-01-27,8913.16015625,9001.4404296875,8910.9697265625,8952.1796875,8952.1796875,2583330000,-1.5262465420976756,-71.56636684588862
2020-01-24,9266.349609375,9272.3701171875,9101.4404296875,9141.4697265625,9141.4697265625,2611710000,2.114457547437376,-72.155134701761
2020-01-23,9186.1396484375,9221.1298828125,9145.23046875,9216.98046875,9216.98046875,2460050000,0.8260240907223881,-72.38325566305735
2020-01-22,9212.349609375,9242.48046875,9179.26953125,9188.580078125,9188.580078125,2449390000,-0.30813117941707047,-72.29789684588526
2020-01-21,9145.6396484375,9187.419921875,9141.7802734375,9166.6298828125,9166.6298828125,2684540000,-0.23888560719795837,-72.2315620442653
2020-01-17,9159.48046875,9176.4697265625,9118.98046875,9173.73046875,9173.73046875,2522670000,0.07746124833527546,-72.25305517410234
2020-01-16,9088.080078125,9126.0703125,9066.3095703125,9125.0,9125.0,2301400000,-0.531195775982285,-72.10487746147261
2020-01-15,9039.3095703125,9078.8701171875,9008.9501953125,9035.669921875,9035.669921875,2435650000,-0.9789597602739675,-71.82909564371936
2020-01-14,9068.01953125,9080.16015625,9020.919921875,9033.419921875,9033.419921875,2542170000,-0.0249013080319882,-71.82207897280736
2020-01-13,9007.9404296875,9071.5302734375,8991.349609375,9070.650390625,9070.650390625,2530270000,0.4121414599563167,-71.9377352006482
2020-01-10,9021.8798828125,9024.8701171875,8951.830078125,8966.6396484375,8966.6396484375,2378990000,-1.1466734766340525,-71.61222005744166
2020-01-09,8990.0400390625,9004.5498046875,8938.5302734375,8989.6298828125,8989.6298828125,2534700000,0.2563974384652168,-71.68481945505569
2020-01-08,8845.4501953125,8953.5498046875,8834.9404296875,8912.3701171875,8912.3701171875,2464090000,-0.8594321082419087,-71.43936014582961
2020-01-07,8857.1396484375,8872.4697265625,8821.6796875,8846.4501953125,8846.4501953125,2352850000,-0.7396452459696778,-71.2265386065319
2020-01-06,8713.8896484375,8849.98046875,8713.8896484375,8848.51953125,8848.51953125,2788120000,0.023391709576303654,-71.23326763702084
2020-01-03,8755.169921875,8843.650390625,8755.169921875,8793.900390625,8793.900390625,2567400000,-0.6172686903397118,-71.05459672531364
2020-01-02,8802.2197265625,8873.6298828125,8786.900390625,8872.2197265625,8872.2197265625,2848370000,0.8906097688005987,-71.31011167340824
2019-12-31,8681.330078125,8735.4296875,8674.3798828125,8733.0703125,8733.0703125,2182800000,-1.5683720461284523,-70.85297792693541
2019-12-30,8766.3896484375,8768.2998046875,8671.919921875,8709.73046875,8709.73046875,2042420000,-0.26725816825947657,-70.77487138352355
2019-12-27,8805.8603515625,8811.099609375,8749.8603515625,8770.98046875,8770.98046875,1832200000,0.7032364574284022,-70.97895793167366
2019-12-26,8717.9501953125,8778.330078125,8716.0302734375,8778.3095703125,8778.3095703125,1634920000,0.08356080131077803,-71.0031879002188
2019-12-24,8705.2998046875,8708.2197265625,8684.1201171875,8699.509765625,8699.509765625,1014520000,-0.8976649098135558,-70.74053595872074
2019-12-23,8703.0595703125,8710.900390625,8690.150390625,8696.009765625,8696.009765625,2025450000,-0.04023215209010278,-70.72875950872762
2019-12-20,8666.5703125,8687.66015625,8656.48046875,8678.490234375,8678.490234375,3825460000,-0.2014663244658932,-70.66966876844172
2019-12-19,8592.6796875,8642.740234375,8592.6796875,8641.2900390625,8641.2900390625,2415950000,-0.4286482361315791,-70.54340358749513
2019-12-18,8587.2001953125,8608.099609375,8578.5595703125,8580.6201171875,8580.6201171875,2727870000,-0.7020933402390739,-70.3351285003053
2019-12-17,8586.330078125,8592.4501953125,8564.150390625,8575.7001953125,8575.7001953125,2374120000,-0.05733760273508581,-70.3181096159126
2019-12-16,8544.26953125,8584.7802734375,8542.419921875,8570.330078125,8570.330078125,2346290000,-0.0626201600475218,-70.29951112224246
2019-12-13,8461.419921875,8517.51953125,8441.8896484375,8487.7099609375,8487.7099609375,2186720000,-0.9640249142606638,-70.0104039445821
2019-12-12,8391.919921875,8493.1103515625,8380.08984375,8466.8896484375,8466.8896484375,2388270000,-0.24529952832766933,-69.93665871019867
2019-12-11,8371.650390625,8408.080078125,8361.3701171875,8402.6103515625,8402.6103515625,1937850000,-0.759184299595328,-69.70667655477692
2019-12-10,8364.5498046875,8392.8896484375,8339.3701171875,8354.2900390625,8354.2900390625,2053390000,-0.5750631110844617,-69.53146323937938
2019-12-09,8388.75,8425.76953125,8359.8701171875,8362.740234375,8362.740234375,2088520000,0.10114797634495076,-69.5622504071375
2019-12-06,8370.23046875,8405.849609375,8365.25,8397.3701171875,8397.3701171875,2053530000,0.4140973154965977,-69.68777252736888
2019-12-05,8321.1904296875,8321.1904296875,8272.830078125,8308.400390625,8308.400390625,2123380000,-1.0594951195541435,-69.36317688164347
2019-12-04,8291.8603515625,8316.4599609375,8285.8798828125,8296.5302734375,8296.5302734375,2150680000,-0.1428688631916919,-69.31934377687774
2019-12-03,8201.6298828125,8258.400390625,8167.35986328125,8254.740234375,8254.740234375,2308600000,-0.5037050150506484,-69.16402140626113
2019-12-02,8409.8701171875,8409.8701171875,8274.6103515625,8309.259765625,8309.259765625,2225940000,0.6604633180698594,-69.3663454574986
2019-11-29,8422.01953125,8435.9599609375,8402.1298828125,8403.6796875,8403.6796875,1099090000,1.1363217005877058,-69.71053126374143
2019-11-27,8407.23046875,8445.6103515625,8399.6298828125,8444.7099609375,8444.7099609375,1744580000,0.48824175793527047,-69.85769856614424
2019-11-26,8374.259765625,8398.0400390625,8364.1103515625,8385.75,8385.75,2434570000,-0.6981881107845034,-69.64576893371941
2019-11-25,8309.5498046875,8372.8203125,8309.5498046875,8371.9296875,8371.9296875,2256070000,-0.16480711325761455,-69.5956604193515
2019-11-22,8287.25,8292.1103515625,8229.490234375,8272.0498046875,8272.0498046875,1877090000,-1.1930329869065837,-69.22854683251288
2019-11-21,8273.9501953125,8282.330078125,8242.2197265625,8265.6201171875,8265.6201171875,2056230000,-0.07772786252273622,-69.20461023429243
2019-11-20,8315.5498046875,8339.259765625,8226.25,8283.75,8283.75,2596030000,0.21934086681290044,-69.27200927550173
2019-11-19,8357.4296875,8357.7998046875,8308.2802734375,8338.740234375,8338.740234375,2075000000,0.6638326165685937,-69.4746465281706
2019-11-18,8303.2197265625,8340.41015625,8274.6796875,8328.48046875,8328.48046875,2047240000,-0.12303735740208932,-69.43704267313169
2019-11-15,8303.83984375,8315.900390625,8284.2001953125,8315.51953125,8315.51953125,2188210000,-0.15562187542651484,-69.3894058925024
2019-11-14,8238.849609375,8264.9404296875,8212.58984375,8257.830078125,8257.830078125,2106550000,-0.6937564503119886,-69.17555934720102
2019-11-13,8235.6796875,8274.6103515625,8233.3798828125,8259.8095703125,8259.8095703125,2173320000,0.023971093722829906,-69.18294653197046
2019-11-12,8249.6201171875,8293.1796875,8238.330078125,8263.7900390625,8263.7900390625,1987820000,0.04819080532203479,-69.1977903648506
2019-11-11,8212.3701171875,8245.8896484375,8202.3603515625,8241.91015625,8241.91015625,1715470000,-0.2647681355537168,-69.11601942529819
2019-11-08,8208.3701171875,8256.2900390625,8186.31005859375,8255.8896484375,8255.8896484375,1974190000,0.1696147121538205,-69.16831449991135
2019-11-07,8237.6796875,8271.8203125,8198.91015625,8219.650390625,8219.650390625,2393950000,-0.43895036580774427,-69.03238202753928
2019-11-06,8204.33984375,8204.33984375,8157.35986328125,8196.0302734375,8196.0302734375,2332650000,-0.28736157944674323,-68.94313653415722
2019-11-05,8225.349609375,8229.08984375,8191.0498046875,8210.1796875,8210.1796875,2316710000,0.17263740604225308,-68.99665989629871
2019-11-04,8218.9296875,8228.330078125,8197.3203125,8210.66015625,8210.66015625,2149910000,0.005852110042514624,-68.9984741397069
2019-11-01,8121.9501953125,8161.97998046875,8111.72998046875,8161.169921875,8161.169921875,2057310000,-0.6027558495077634,-68.81047746821302
2019-10-31,8100.6201171875,8110.43994140625,8041.64990234375,8083.830078125,8083.830078125,2258270000,-0.9476563346965783,-68.51208020157911
2019-10-30,8056.89990234375,8096.330078125,8017.919921875,8083.10986328125,8083.10986328125,1928420000,-0.008909326851125332,-68.50927458992453
2019-10-29,8101.5498046875,8108.60986328125,8045.64013671875,8047.509765625,8047.509765625,1834530000,-0.44042575516595184,-68.36996778166771
2019-10-28,8071.39013671875,8119.72998046875,8070.89990234375,8110.669921875,8110.669921875,1956280000,0.784841001620018,-68.61628008340672
2019-10-25,7926.60009765625,8033.2900390625,7926.60009765625,8029.22021484375,8029.22021484375,1894740000,-1.0042290934756837,-68.29791855833214
2019-10-24,7956.22998046875,7969.66015625,7912.72021484375,7966.72021484375,7966.72021484375,1882490000,-0.778406848082891,-68.04921143210314
2019-10-23,7858.47998046875,7890.2099609375,7845.08984375,7889.47021484375,7889.47021484375,1805030000,-0.969658754377567,-67.73636426370567
2019-10-22,7968.25,7977.009765625,7871.97998046875,7874.6201171875,7874.6201171875,1847200000,-0.1882268042321833,-67.67552092976707
2019-10-21,7911.580078125,7941.47998046875,7887.740234375,7940.330078125,7940.330078125,1752860000,0.8344524556058053,-67.9430211767507
2019-10-18,7938.2998046875,7946.81005859375,7829.75,7868.490234375,7868.490234375,2012930000,-0.9047463146137136,-67.65033880933817
2019-10-17,7976.64013671875,7981.14013671875,7914.93994140625,7942.14013671875,7942.14013671875,1861570000,0.9360105960606768,-67.95032714327986
2019-10-16,7911.990234375,7941.759765625,7898.31005859375,7920.2099609375,7920.2099609375,1886720000,-0.2761242612663084,-67.86158518278312
2019-10-15,7867.9599609375,7960.14013671875,7863.64990234375,7942.85009765625,7942.85009765625,1836650000,0.2858527340867445,-67.95319186003871
2019-10-14,7834.740234375,7865.669921875,7827.16015625,7842.330078125,7842.330078125,1419730000,-1.265540936759102,-67.5424279992917
2019-10-11,7835.93017578125,7904.0498046875,7831.10986328125,7843.8798828125,7843.8798828125,2176080000,0.019762043577120636,-67.54884101147229
2019-10-10,7688.419921875,7772.68017578125,7682.60986328125,7740.35986328125,7740.35986328125,1778740000,-1.3197552879166685,-67.11483733830457
2019-10-09,7678.66015625,7717.93994140625,7655.47998046875,7690.52978515625,7690.52978515625,1553900000,-0.6437695275820943,-66.90176096120653
2019-10-08,7671.3798828125,7707.169921875,7603.759765625,7604.27001953125,7604.27001953125,1933580000,-1.121636194576514,-66.52630791512144
2019-10-07,7725.68017578125,7784.7900390625,7712.68017578125,7725.1298828125,7725.1298828125,1739450000,1.589368380802192,-67.0500047215529
2019-10-04,7677.330078125,7759.35986328125,7670.919921875,7754.10009765625,7754.10009765625,1736890000,0.3750126571749446,-67.17310971507828
2019-10-03,7557.18994140625,7640.419921875,7463.56982421875,7638.39013671875,7638.39013671875,2141490000,-1.492242290920054,-66.67583239294879
2019-10-02,7627.58984375,7631.33984375,7513.68994140625,7550.7900390625,7550.7900390625,2495160000,-1.1468397933112162,-66.28922379681659
2019-10-01,7782.81982421875,7821.72021484375,7675.419921875,7684.14013671875,7684.14013671875,2243650000,1.7660416587719885,-66.87423854391645
2019-09-30,7705.97021484375,7761.83984375,7693.490234375,7749.4501953125,7749.4501953125,1805820000,0.8499332056903119,-67.15341259718903
2019-09-27,7786.02978515625,7790.7998046875,7626.81982421875,7681.580078125,7681.580078125,2037720000,-0.8758055794532815,-66.86319864204371
2019-09-26,7794.27978515625,7798.1201171875,7718.68994140625,7771.990234375,7771.990234375,1832800000,1.176973426436878,-67.24867305696864
2019-09-25,7706.5,7822.43017578125,7647.6298828125,7803.5400390625,7803.5400390625,2015270000,0.40594241289646504,-67.38108705922104
2019-09-24,7855.97021484375,7873.25,7684.7998046875,7710.0400390625,7710.0400390625,2302600000,-1.1981741559851433,-66.98551604473722
2019-09-23,7815.22998046875,7842.97998046875,7790.2900390625,7818.60986328125,7818.60986328125,1780160000,1.4081616135414032,-67.44395773480403
2019-09-20,7901.4599609375,7920.52978515625,7794.27001953125,7823.5498046875,7823.5498046875,3359380000,0.06318183785394282,-67.4645142526539
2019-09-19,7904.39013671875,7950.2099609375,7888.31005859375,7901.7900390625,7901.7900390625,1792700000,1.0000605393746254,-67.7866670835685
2019-09-18,7877.580078125,7891.169921875,7791.580078125,7888.56005859375,7888.56005859375,2034880000,-0.16743016966216384,-67.73264179097364
2019-09-17,7849.8798828125,7891.2099609375,7840.990234375,7888.7900390625,7888.7900390625,1850340000,0.0029153668989145842,-67.73358247542961
2019-09-16,7833.72998046875,7868.740234375,7831.759765625,7852.41015625,7852.41015625,1869220000,-0.4611592225469252,-67.58409353318572
2019-09-13,7903.72998046875,7923.41015625,7879.58984375,7892.9501953125,7892.9501953125,1976770000,0.5162751086076778,-67.75058921374779
2019-09-12,7931.9599609375,7975.330078125,7907.330078125,7917.33984375,7917.33984375,2159260000,0.309005477470059,-67.84993467660728
2019-09-11,7820.7099609375,7888.33984375,7812.06982421875,7887.580078125,7887.580078125,2310440000,-0.3758808667091995,-67.72863278180863
2019-09-10,7793.27978515625,7817.580078125,7743.60986328125,7814.740234375,7814.740234375,2362860000,-0.9234751727213553,-67.42783694275667
2019-09-09,7876.39990234375,7877.41015625,7795.85986328125,7832.39990234375,7832.39990234375,2172240000,0.2259789505359322,-67.50127721544278
2019-09-06,7868.8701171875,7874.990234375,7835.89013671875,7852.5400390625,7852.5400390625,1876380000,0.2571387693409699,-67.58462969971028
2019-09-05,7803.4501953125,7879.97021484375,7803.4501953125,7862.5400390625,7862.5400390625,2096300000,0.12734732902035528,-67.62585730572467
2019-09-04,7683.77978515625,7724.91015625,7663.64013671875,7719.25,7719.25,1891300000,-1.822439546897181,-67.02490615486447
2019-09-03,7634.02978515625,7670.169921875,7584.81982421875,7609.509765625,7609.509765625,1936210000,-1.4216437396767811,-66.54935718540919
2019-08-30,7743.22998046875,7747.080078125,7642.89990234375,7691.0,7691.0,1665840000,1.0708999250270024,-66.90378453204232
2019-08-29,7678.68994140625,7723.93994140625,7654.31005859375,7702.31005859375,7702.31005859375,1700840000,0.147055761198156,-66.95238295684298
2019-08-28,7536.7001953125,7598.14990234375,7500.22021484375,7587.89990234375,7587.89990234375,1656930000,-1.4854005535955839,-66.45409185149644
2019-08-27,7630.4599609375,7640.68017578125,7531.9599609375,7566.02978515625,7566.02978515625,1912530000,-0.2882235858270188,-66.35712515123203
2019-08-26,7540.68994140625,7577.77001953125,7506.169921875,7575.02001953125,7575.02001953125,1688860000,0.11882367146687223,-66.39705340609596
2019-08-23,7658.47998046875,7722.43017578125,7442.93017578125,7464.990234375,7464.990234375,2207070000,-1.452534579084308,-65.90176474820615
2019-08-22,7750.97998046875,7764.7900390625,7649.27978515625,7707.43017578125,7707.43017578125,1777630000,3.2476926800232953,-66.97433679465527
2019-08-21,7731.75,7754.66015625,7706.56982421875,7733.22021484375,7733.22021484375,1716370000,0.33461268508845343,-67.08447631227769
2019-08-20,7708.31005859375,7731.31005859375,7664.2099609375,7664.47021484375,7664.47021484375,1747580000,-0.8890216247564697,-66.78922534383524
2019-08-19,7715.41015625,7740.740234375,7604.10986328125,7719.31982421875,7719.31982421875,1934980000,0.7156347123480566,-67.02520442727943
2019-08-16,7548.89990234375,7622.72998046875,7548.89990234375,7604.10986328125,7604.10986328125,1995130000,-1.4924885036637248,-66.5256028988744
2019-08-15,7503.14013671875,7523.5,7429.35986328125,7484.89013671875,7484.89013671875,2182590000,-1.5678327734083508,-65.99242092875261
2019-08-14,7594.64013671875,7621.7001953125,7480.580078125,7490.1298828125,7490.1298828125,2522870000,0.07000431533450424,-66.01621104753352
2019-08-13,7553.43017578125,7778.33984375,7553.330078125,7728.14990234375,7728.14990234375,2346980000,3.177782271538865,-67.06288097661432
2019-08-12,7597.18994140625,7623.43994140625,7528.9501953125,7561.68017578125,7561.68017578125,2056360000,-2.1540695854257996,-66.33777318705974
2019-08-09,7684.56005859375,7709.509765625,7591.14013671875,7646.27001953125,7646.27001953125,2214330000,1.1186646589593563,-66.71017469774536
2019-08-08,7608.02978515625,7726.4599609375,7576.81982421875,7724.830078125,7724.830078125,2415670000,1.0274298238628798,-67.04872591503707
2019-08-07,7436.14013671875,7569.89990234375,7386.39013671875,7551.89990234375,7551.89990234375,2453230000,-2.2386275689215474,-66.2941780935067
2019-08-06,7492.02001953125,7541.740234375,7432.31005859375,7521.31982421875,7521.31982421875,2201610000,-0.40493224910872483,-66.15713742893492
2019-08-05,7510.02001953125,7528.89990234375,7356.27001953125,7415.68994140625,7415.68994140625,2636740000,-1.4044062116913336,-65.67507606503393
2019-08-02,7740.91015625,7755.08984375,7645.18017578125,7692.7998046875,7692.7998046875,2252550000,3.7368048754840677,-66.91152771076139
2019-08-01,7866.60009765625,8000.93994140625,7769.02001953125,7801.14990234375,7801.14990234375,2792650000,1.408461163778485,-67.37109319132702
2019-07-31,7972.759765625,7979.2001953125,7774.93017578125,7848.77978515625,7848.77978515625,2667060000,0.6105495139657524,-67.56909989429711
2019-07-30,7927.56005859375,7983.10986328125,7923.4501953125,7952.47021484375,7952.47021484375,1884300000,1.3211025474762383,-67.99195894013621
2019-07-29,8010.0498046875,8010.0498046875,7939.97998046875,7989.080078125,7989.080078125,1874780000,0.4603583828948654,-68.13863540296336
2019-07-26,7992.1298828125,8027.18017578125,7986.72021484375,8016.9501953125,8016.9501953125,1954350000,0.3488526452978258,-68.24939821718071
2019-07-25,7979.14013671875,7983.9599609375,7921.2099609375,7929.8701171875,7929.8701171875,2023130000,-1.086199564716217,-67.90073615299745
2019-07-24,7928.77978515625,8010.830078125,7926.990234375,8010.60986328125,8010.60986328125,1947550000,1.0181723647497254,-68.2242678761791
2019-07-23,7946.0498046875,7955.08984375,7895.0498046875,7954.56005859375,7954.56005859375,1832220000,-0.6996946005873972,-68.00036818012762
2019-07-22,7862.3798828125,7918.47021484375,7862.27001953125,7905.1201171875,7905.1201171875,1845770000,-0.6215295508748775,-67.8002371386326
2019-07-19,7944.85986328125,7950.22021484375,7832.39013671875,7834.89990234375,7834.89990234375,1878730000,-0.8882877654328825,-67.51164707440385
2019-07-18,7850.1201171875,7912.330078125,7827.490234375,7904.1298828125,7904.1298828125,2016310000,0.8836102736684559,-67.79620313204046
2019-07-17,7927.91015625,7941.10009765625,7887.97998046875,7888.759765625,7888.759765625,1846960000,-0.19445678924029375,-67.73345865173575
2019-07-16,7958.43994140625,7965.759765625,7904.9501953125,7927.080078125,7927.080078125,1933960000,0.4857583909067653,-67.88943839907951
2019-07-15,7961.06982421875,7969.7900390625,7940.4501953125,7966.93017578125,7966.93017578125,1783980000,0.5027084028861761,-68.05005346502844
2019-07-12,7908.580078125,7944.080078125,7900.39013671875,7943.240234375,7943.240234375,1824870000,-0.2973534458512672,-67.95476585707334
2019-07-11,7918.64990234375,7934.60009765625,7873.16015625,7896.77978515625,7896.77978515625,1966970000,-0.5849055026396988,-67.76622875535512
2019-07-10,7869.72998046875,7923.93017578125,7858.68017578125,7903.39990234375,7903.39990234375,2060510000,0.08383312397723941,-67.7932286978699
2019-07-09,7748.2900390625,7833.93017578125,7748.22998046875,7826.85986328125,7826.85986328125,1866770000,-0.9684444670426173,-67.47827384028943
2019-07-08,7790.4599609375,7841.2998046875,7756.10986328125,7785.7900390625,7785.7900390625,43360000,-0.5247292648156932,-67.30672264638767
2019-07-05,7806.06982421875,7854.7099609375,7774.58984375,7841.2998046875,7841.2998046875,36710000,0.7129625297689568,-67.53816337797751
2019-07-03,7819.06005859375,7857.68994140625,7811.2900390625,7857.68994140625,7857.68994140625,1548190000,0.2090232120566471,-67.60587461936576
2019-07-02,7763.02978515625,7800.47021484375,7746.009765625,7799.81982421875,7799.81982421875,1946320000,-0.7364774840828536,-67.3655290890571
2019-07-01,7816.56005859375,7820.81005859375,7735.669921875,7768.14013671875,7768.14013671875,2208900000,-0.4061592218019383,-67.2324406248957
2019-06-28,7674.52001953125,7682.259765625,7639.4501953125,7671.080078125,7671.080078125,4078990000,-1.249463280598695,-66.8178417417487
2019-06-27,7656.68017578125,7672.97998046875,7636.72021484375,7657.0498046875,7657.0498046875,2023120000,-0.1828982789204514,-66.75704094176896
2019-06-26,7642.919921875,7688.64013671875,7616.91015625,7627.0498046875,7627.0498046875,2104750000,-0.39179580602485276,-66.62628412264684
2019-06-25,7720.91015625,7723.0400390625,7584.169921875,7591.5400390625,7591.5400390625,2127310000,-0.4655766847513676,-66.47017708471485
2019-06-24,7737.0,7746.68017578125,7720.77978515625,7723.02001953125,7723.02001953125,2070370000,1.7319276430370678,-67.0410030635254
2019-06-21,7719.419921875,7772.52978515625,7708.25,7728.77978515625,7728.77978515625,2894340000,0.07457918806934583,-67.06556529752173
2019-06-20,7770.169921875,7770.60986328125,7681.43017578125,7738.0498046875,7738.0498046875,2053530000,0.11994156631365271,-67.10502005171028
2019-06-19,7652.52001953125,7681.56005859375,7606.27978515625,7667.740234375,7667.740234375,2014080000,-0.9086213204508975,-66.80338856252212
2019-06-18,7606.60986328125,7689.080078125,7595.58984375,7635.39990234375,7635.39990234375,2244920000,-0.4217713569151238,-66.66278172464439
2019-06-17,7500.27978515625,7546.990234375,7492.169921875,7526.52001953125,7526.52001953125,1935290000,-1.4259879535461928,-66.1805200140934
2019-06-14,7476.47021484375,7500.740234375,7454.8701171875,7479.10986328125,7479.10986328125,1804340000,-0.6299080601256724,-65.96613797401969
2019-06-13,7500.85009765625,7530.91015625,7487.08984375,7510.68017578125,7510.68017578125,1838930000,0.4221132337551836,-66.10919554465181
2019-06-12,7493.5498046875,7507.52001953125,7459.2001953125,7472.2900390625,7472.2900390625,1952790000,-0.5111406133700314,-65.93507588257397
2019-06-11,7584.75,7595.56982421875,7489.990234375,7513.85009765625,7513.85009765625,2114680000,0.5561890448107398,-66.12349330159508
2019-06-10,7472.60009765625,7573.0,7468.169921875,7501.93017578125,7501.93017578125,2039370000,-0.1586393356279192,-66.06966644586846
2019-06-07,7315.330078125,7445.990234375,7309.009765625,7417.2900390625,7417.2900390625,2066020000,-1.1282447948128937,-65.68248082203414
2019-06-06,7229.85986328125,7293.22021484375,7201.58984375,7275.93017578125,7275.93017578125,2070940000,-1.9058155004966881,-65.01574547659385
2019-06-05,7230.81005859375,7235.22998046875,7146.43017578125,7220.89990234375,7220.89990234375,2115570000,-0.7563331712648114,-64.74913146470244
2019-06-04,7056.18017578125,7169.7900390625,7023.08984375,7166.75,7166.75,2369150000,-0.7499051790785027,-64.48278603773502
2019-06-03,7110.33984375,7126.43017578125,6936.68017578125,6978.02001953125,6978.02001953125,2576920000,-2.6334109668782912,-63.52217499353614
2019-05-31,7148.7099609375,7183.22998046875,7125.97021484375,7127.9599609375,7127.9599609375,2236940000,2.1487462200820984,-64.28950294909009
2019-05-30,7234.830078125,7262.77001953125,7204.419921875,7245.39990234375,7245.39990234375,1872000000,1.647595413692593,-64.86833072088642
2019-05-29,7222.5498046875,7254.2001953125,7176.669921875,7216.85986328125,7216.85986328125,2278790000,-0.3939056428516552,-64.72939782866577
2019-05-28,7321.27001953125,7362.2900390625,7274.7001953125,7278.3798828125,7278.3798828125,2352670000,0.8524485814704219,-65.02752023631632
2019-05-24,7353.97021484375,7371.2998046875,7294.10009765625,7300.9599609375,7300.9599609375,1682920000,0.3102349491034717,-65.13568153695542
2019-05-23,7331.669921875,7337.47021484375,7261.4599609375,7307.93017578125,7307.93017578125,2243420000,0.09546984069277453,-65.16893469950939
2019-05-22,7413.83984375,7458.10986328125,7410.7099609375,7420.66015625,7420.66015625,1881830000,1.5425705741187956,-65.69806623610496
2019-05-21,7442.31005859375,7472.7099609375,7417.06982421875,7451.02001953125,7451.02001953125,1993210000,0.4091261780217792,-65.83783260589387
2019-05-20,7391.72998046875,7424.58984375,7351.919921875,7376.7001953125,7376.7001953125,2122410000,-0.9974449675874797,-65.49365076192049
2019-05-17,7513.14990234375,7605.669921875,7496.919921875,7503.68017578125,7503.68017578125,2134120000,1.721365612085446,-66.07757964077132
2019-05-16,7509.91015625,7627.02978515625,7502.759765625,7580.14013671875,7580.14013671875,2163120000,1.0189661492274293,-66.41975101079758
2019-05-15,7354.81982421875,7524.22021484375,7353.89990234375,7503.25,7503.25,2001530000,-1.0143629976745228,-66.07563480304368
2019-05-14,7366.64013671875,7449.02978515625,7337.93994140625,7401.8798828125,7401.8798828125,2084850000,-1.351016122180393,-65.61103433262639
2019-05-13,7385.5498046875,7433.919921875,7303.64013671875,7324.1298828125,7324.1298828125,2478860000,-1.050408831687999,-65.24597498449648
2019-05-10,7556.0400390625,7623.009765625,7426.75,7586.52978515625,7586.52978515625,2387720000,3.5826768031452128,-66.44803350510803
2019-05-09,7525.81005859375,7605.02978515625,7472.7099609375,7582.75,7582.75,2520770000,-0.04982232012910037,-66.43130880431735
2019-05-08,7623.31982421875,7678.81982421875,7593.75,7617.5498046875,7617.5498046875,2175100000,0.4589338259536557,-66.5846630884608
2019-05-07,7713.490234375,7743.06005859375,7572.60986328125,7640.14990234375,7640.14990234375,2372660000,0.29668460641167904,-66.68350799164595
2019-05-06,7662.919921875,7804.5400390625,7662.919921875,7794.08984375,7794.08984375,1966120000,2.0148811656041765,-67.3415372074293
2019-05-03,7784.2900390625,7847.52001953125,7772.43994140625,7845.72998046875,7845.72998046875,2046040000,0.6625550610012576,-67.55649330301645
2019-05-02,7751.64013671875,7791.509765625,7672.5400390625,7724.06005859375,7724.06005859375,2158600000,-1.5507788590467197,-67.0454409684633
2019-05-01,7828.14013671875,7851.02978515625,7749.740234375,7751.85009765625,7751.85009765625,2247420000,0.35978538296812523,-67.16358160214904
2019-04-30,7769.2998046875,7792.31982421875,7726.06982421875,7781.4599609375,7781.4599609375,2115770000,0.38197156689345757,-67.288530116218
2019-04-29,7825.64013671875,7851.85009765625,7812.97021484375,7839.0400390625,7839.0400390625,1761110000,0.7399649733346836,-67.5288055813395
2019-04-26,7791.14990234375,7826.89013671875,7742.60009765625,7826.68017578125,7826.68017578125,1971270000,-0.157670623184214,-67.47752719579418
2019-04-25,7850.7099609375,7851.97021484375,7778.22998046875,7816.919921875,7816.919921875,2063270000,-0.1247049028073488,-67.43691943782805
2019-04-24,7813.02001953125,7827.0498046875,7783.58984375,7784.41015625,7784.41015625,2022490000,-0.41588971039634437,-67.30092735932044
2019-04-23,7724.169921875,7819.33984375,7719.08984375,7810.7099609375,7810.7099609375,2075070000,0.3378522477568202,-67.41102992723206
2019-04-22,7658.3701171875,7715.330078125,7653.89013671875,7713.490234375,7713.490234375,1776060000,-1.2446976913585317,-67.00028321424494
2019-04-18,7688.93017578125,7694.18017578125,7647.39990234375,7689.72021484375,7689.72021484375,2089360000,-0.30816165975448007,-66.8982763933714
2019-04-17,7705.31982421875,7715.06982421875,7659.85009765625,7680.72021484375,7680.72021484375,2290690000,-0.11703936877478505,-66.85948894842791
2019-04-16,7651.18994140625,7670.39990234375,7631.64013671875,7654.72998046875,7654.72998046875,2095330000,-0.33838277723970966,-66.7469664098491
2019-04-15,7630.60009765625,7636.7998046875,7578.5400390625,7629.1201171875,7629.1201171875,1816920000,-0.3345625952397291,-66.63534073993573
2019-04-12,7624.14990234375,7630.52001953125,7596.56005859375,7628.14990234375,7628.14990234375,1955290000,-0.012717257414318617,-66.63109713066152
2019-04-11,7621.39990234375,7621.39990234375,7580.7099609375,7594.89013671875,7594.89013671875,1956840000,-0.4360135295031542,-66.48496705259336
2019-04-10,7581.39013671875,7613.41015625,7573.27978515625,7611.490234375,7611.490234375,1998280000,0.21856929274057801,-66.55806086244507
2019-04-09,7571.8798828125,7596.75,7555.6201171875,7568.490234375,7568.490234375,2067570000,-0.5649353631934417,-66.36806215221569
2019-04-08,7565.06005859375,7602.080078125,7536.419921875,7599.740234375,7599.740234375,2069190000,0.41289608669992095,-66.50635609718363
2019-04-05,7564.27001953125,7581.89990234375,7554.91015625,7578.83984375,7578.83984375,2148730000,-0.2750145397136583,-66.41398968550905
2019-04-04,7542.16015625,7571.1298828125,7496.2998046875,7540.56982421875,7540.56982421875,2094200000,-0.50495881058642,-66.24353343343854
2019-04-03,7538.169921875,7589.68994140625,7520.39990234375,7544.97021484375,7544.97021484375,2487210000,0.05835620818557263,-66.2632209384628
2019-04-02,7473.509765625,7507.0498046875,7461.509765625,7499.64013671875,7499.64013671875,2110100000,-0.6007986358358197,-66.05930571017633
2019-04-01,7450.81005859375,7481.83984375,7422.43994140625,7478.419921875,7478.419921875,2198050000,-0.2829497743478959,-65.96299809007742
2019-03-29,7377.77001953125,7381.68994140625,7333.169921875,7378.77001953125,7378.77001953125,2233470000,-1.3324994234713339,-65.50333016338774
2019-03-28,7325.06005859375,7346.0400390625,7277.68994140625,7320.47021484375,7320.47021484375,1902060000,-0.7901019347829386,-65.22860066448675
2019-03-27,7364.47021484375,7376.990234375,7252.06005859375,7308.18994140625,7308.18994140625,2221650000,-0.16775252240763816,-65.17017275072587
2019-03-26,7378.22998046875,7417.259765625,7314.3798828125,7351.14990234375,7351.14990234375,2068900000,0.5878331198550413,-65.37371750739199
2019-03-25,7299.93017578125,7342.509765625,7265.27978515625,7316.9599609375,7316.9599609375,2130230000,-0.4650965068111246,-65.2119193595466
2019-03-22,7458.43994140625,7482.35009765625,7323.52001953125,7326.06005859375,7326.06005859375,2490730000,0.1243699255542241,-65.25513152660088
2019-03-21,7356.93994140625,7505.41015625,7356.93994140625,7493.27001953125,7493.27001953125,2483580000,2.2823995380894635,-66.03045232580772
2019-03-20,7348.990234375,7422.75,7318.419921875,7380.75,7380.75,2424400000,-1.5016143718025066,-65.51258433572977
2019-03-19,7357.580078125,7390.2900390625,7321.93017578125,7349.27978515625,7349.27978515625,2433160000,-0.42638234385056206,-65.36490641189397
2019-03-18,7311.6298828125,7348.68994140625,7293.85009765625,7326.27978515625,7326.27978515625,2274490000,-0.3129558361140927,-65.25617357942141
2019-03-15,7274.14013671875,7331.2998046875,7265.6298828125,7306.990234375,7306.990234375,3447190000,-0.263292576135743,-65.16445417340361
2019-03-14,7257.31005859375,7267.93994140625,7240.9599609375,7243.009765625,7243.009765625,2176510000,-0.8756063262410074,-64.85673754409221
2019-03-13,7231.0498046875,7292.85986328125,7229.8798828125,7256.97998046875,7256.97998046875,2366350000,0.1928785863309468,-64.92439088310385
2019-03-12,7176.22998046875,7219.41015625,7166.9501953125,7201.27978515625,7201.27978515625,2161400000,-0.7675396027329584,-64.65308934548784
2019-03-11,7050.0498046875,7166.93017578125,7049.56005859375,7164.02001953125,7164.02001953125,2216950000,-0.517404777159225,-64.4692515556765
2019-03-08,6940.89990234375,7018.919921875,6940.72021484375,7015.68994140625,7015.68994140625,2245430000,-2.0704866502411767,-63.71803838397096
2019-03-07,7089.6298828125,7097.91015625,7001.81005859375,7026.8798828125,7026.8798828125,2440840000,0.15949880196681754,-63.77581552423208
2019-03-06,7156.240234375,7162.240234375,7104.5498046875,7112.47021484375,7112.47021484375,2242810000,1.218041769016165,-64.21173158197129
2019-03-05,7156.66015625,7178.2998046875,7120.68994140625,7156.7900390625,7156.7900390625,2142610000,0.6231284333009235,-64.43335744450506
2019-03-04,7193.8798828125,7205.93994140625,7073.39990234375,7150.830078125,7150.830078125,2569590000,-0.08327701252893727,-64.40371392088713
2019-03-01,7152.080078125,7159.9599609375,7101.06982421875,7151.56982421875,7151.56982421875,2463190000,0.010344898223957344,-64.40739593955244
2019-02-28,7093.2001953125,7125.919921875,7081.919921875,7097.52978515625,7097.52978515625,2647080000,-0.7556388372171652,-64.136396624018
2019-02-27,7095.75,7125.77978515625,7045.41015625,7117.0,7117.0,2423360000,0.27432382016163714,-64.23450988280702
2019-02-26,7098.97021484375,7144.64990234375,7087.14013671875,7123.22021484375,7123.22021484375,2257710000,0.08739939361739335,-64.26574140812997
2019-02-25,7144.33984375,7161.72998046875,7111.77978515625,7115.43017578125,7115.43017578125,2363140000,-0.10936119939499722,-64.22661920983371
2019-02-22,7055.2001953125,7094.2900390625,7050.009765625,7090.6298828125,7090.6298828125,2417680000,-0.348542426193188,-64.1014976989466
2019-02-21,7047.080078125,7063.06982421875,7001.7998046875,7035.16015625,7035.16015625,2119080000,-0.7822961779031412,-63.81845082262586
2019-02-20,7070.240234375,7096.14990234375,7027.3701171875,7062.33984375,7062.33984375,2181760000,0.3863407071956093,-63.95769691126845
2019-02-19,7033.3701171875,7089.10009765625,7032.77978515625,7066.60986328125,7066.60986328125,2120790000,0.06046182463208538,-63.979475577576295
2019-02-15,7066.3798828125,7073.990234375,7022.2998046875,7055.18017578125,7055.18017578125,2257750000,-0.1617421609673042,-63.92112081873573
2019-02-14,6986.509765625,7047.8798828125,6969.68994140625,7022.419921875,7022.419921875,2103370000,-0.46434326395672354,-63.75280943095483
2019-02-13,7038.31982421875,7062.580078125,7009.72998046875,7015.8798828125,7015.8798828125,2093800000,-0.09313084570928831,-63.71902064805274
2019-02-12,6960.5498046875,7021.759765625,6948.330078125,7014.669921875,7014.669921875,2124330000,-0.017246032681716983,-63.71276253922096
2019-02-11,6941.259765625,6958.330078125,6893.7998046875,6909.18017578125,6909.18017578125,1897800000,-1.5038447606035454,-63.15872698524898
2019-02-08,6843.330078125,6914.56005859375,6836.7001953125,6913.1298828125,6913.1298828125,2086260000,0.05716607369850024,-63.179775661830085
2019-02-07,6934.330078125,6954.77001953125,6854.35009765625,6904.97998046875,6904.97998046875,2295080000,-0.11789019564079073,-63.1363169938137
2019-02-06,7023.89013671875,7034.93994140625,6969.830078125,6997.6201171875,6997.6201171875,2167130000,1.3416423650870701,-63.62434814961504
2019-02-05,6969.3701171875,7029.77001953125,6967.93994140625,7023.52001953125,7023.52001953125,2265520000,0.3701244410243776,-63.75848684758918
2019-02-04,6876.56005859375,6960.97021484375,6872.60009765625,6959.9599609375,6959.9599609375,2099470000,-0.9049601683628672,-63.42752047530805
2019-02-01,6872.72998046875,6921.9501953125,6857.31005859375,6875.52001953125,6875.52001953125,2383430000,-1.2132245283042686,-62.978364917710415
2019-01-31,6840.93017578125,6936.33984375,6837.919921875,6906.83984375,6906.83984375,2918710000,0.4555266238739808,-63.14624359005537
2019-01-30,6708.56005859375,6826.919921875,6688.330078125,6807.91015625,6807.91015625,2544050000,-1.4323437308238929,-62.610700299800605
2019-01-29,6695.7099609375,6701.47021484375,6613.419921875,6632.7900390625,6632.7900390625,2089690000,-2.5723035875661604,-61.62354127524283
2019-01-28,6691.83984375,6697.52978515625,6644.31005859375,6697.08984375,6697.08984375,2435480000,0.9694231885649884,-61.9919996442018
2019-01-25,6755.669921875,6800.97021484375,6733.31982421875,6787.3701171875,6787.3701171875,2440840000,1.348052296502389,-62.49755225230915
2019-01-24,6680.33984375,6710.72998046875,6656.52001953125,6702.5498046875,6702.5498046875,2400290000,-1.2496786094692514,-62.022961323458546
2019-01-23,6689.080078125,6712.85986328125,6584.5,6658.759765625,6658.759765625,2274420000,-0.65333403463671,-61.77321271175627
2019-01-22,6736.64990234375,6738.56982421875,6603.56005859375,6646.81005859375,6646.81005859375,2380950000,-0.17945844949893708,-61.70448818001646
2019-01-18,6771.52001953125,6816.22998046875,6727.93994140625,6784.60986328125,6784.60986328125,2451240000,2.073171994877998,-62.48229473861633
2019-01-17,6646.18994140625,6747.27978515625,6637.10009765625,6718.4501953125,6718.4501953125,2128840000,-0.9751432919792524,-62.112840645650905
2019-01-16,6677.3798828125,6720.41015625,6665.0498046875,6668.56005859375,6668.56005859375,2149580000,-0.7425840077456947,-61.82939181359942
2019-01-15,6571.14990234375,6674.52978515625,6567.31982421875,6669.64013671875,6669.64013671875,2038090000,0.016196571906235135,-61.83557314243801
2019-01-14,6536.3701171875,6566.8701171875,6512.64013671875,6541.0400390625,6541.0400390625,1942210000,-1.9281414742042924,-61.085241545082326
2019-01-11,6579.89013671875,6604.56005859375,6562.0400390625,6601.39990234375,6601.39990234375,2066500000,0.9227869409266232,-61.441058422518836
2019-01-10,6551.0498046875,6625.10986328125,6517.5400390625,6620.93994140625,6620.93994140625,2179080000,0.2959984147538508,-61.55485544096342
2019-01-09,6576.5400390625,6631.06005859375,6549.43994140625,6600.68994140625,6600.68994140625,2422590000,-0.3058478128363573,-61.43691107693006
2019-01-08,6555.91015625,6574.72998046875,6457.0,6551.85009765625,6551.85009765625,2378290000,-0.7399202838422547,-61.14944796201633
2019-01-07,6434.5498046875,6521.43994140625,6412.97998046875,6488.25,6488.25,2507550000,-0.9707196701432608,-60.768621251637576
2019-01-04,6250.0498046875,6445.2001953125,6234.58984375,6422.669921875,6422.669921875,2579550000,-1.010751406388466,-60.36804066528261
2019-01-03,6274.759765625,6292.68017578125,6139.39990234375,6147.1298828125,6147.1298828125,2607290000,-4.2901167647435345,-58.5915706977707
2019-01-02,6198.68017578125,6394.740234375,6198.68017578125,6360.8701171875,6360.8701171875,2261800000,3.4770736660798773,-59.98299156018449
2018-12-31,6354.85009765625,6365.39013671875,6273.93994140625,6329.97021484375,6329.97021484375,2098560000,-0.48578106099441687,-59.78764756788897
2018-12-28,6326.6201171875,6388.35986328125,6233.68994140625,6285.27001953125,6285.27001953125,2199090000,-0.7061675457441852,-59.50166144444402
2018-12-27,6168.60009765625,6291.990234375,6043.4501953125,6288.2998046875,6288.2998046875,2415870000,0.0482045345201465,-59.521174074060845
2018-12-26,5969.080078125,6263.81982421875,5921.85986328125,6262.77001953125,6262.77001953125,2557940000,-0.4059886765770848,-59.35616470503666
2018-12-24,5994.080078125,6075.169921875,5895.1201171875,5899.35009765625,5899.35009765625,1647270000,-5.802862323566549,-56.85236696408478
2018-12-21,6293.0498046875,6308.31005859375,6013.97998046875,6046.56005859375,6046.56005859375,4534120000,2.4953589548107225,-57.90284216191816
2018-12-20,6312.72021484375,6380.97021484375,6161.85009765625,6243.18994140625,6243.18994140625,3258090000,3.251929707256229,-59.22869629900642
2018-12-19,6480.31005859375,6575.39013671875,6284.72021484375,6342.97021484375,6342.97021484375,2899950000,1.5982258168333985,-59.87006330750477
2018-12-18,6503.1201171875,6551.0400390625,6434.60009765625,6491.52001953125,6491.52001953125,2585400000,2.3419596759238326,-60.78838355297209
2018-12-17,6571.0,6621.6298828125,6399.5498046875,6448.39013671875,6448.39013671875,2665240000,-0.6644034476167904,-60.5261177181835
2018-12-14,6679.91015625,6710.41015625,6585.31005859375,6594.9599609375,6594.9599609375,2200510000,2.2729676882319083,-61.403405832371696
2018-12-13,6805.7001953125,6833.77978515625,6724.0400390625,6767.97021484375,6767.97021484375,2143520000,2.6233708002930234,-62.39005416930029
2018-12-12,6800.5498046875,6867.66015625,6761.77978515625,6763.9599609375,6763.9599609375,2412300000,-0.05925342132053757,-62.367755777078514
2018-12-11,6782.41015625,6788.47021484375,6650.830078125,6704.240234375,6704.240234375,2246060000,-0.882910704785167,-62.03253698175508
2018-12-10,6603.35986328125,6710.39013671875,6534.330078125,6682.740234375,6682.740234375,2367560000,-0.3206925654269055,-61.910386422813204
2018-12-07,6806.6298828125,6849.3798828125,6594.5400390625,6613.27978515625,6613.27978515625,2475160000,-1.0394007066361177,-61.51032446330282
2018-12-06,6652.1298828125,6840.5,6630.81982421875,6838.85009765625,6838.85009765625,2833870000,3.4108690366662087,-62.77985486897904
2018-12-04,7026.81005859375,7045.68017578125,6785.85009765625,6795.2099609375,6795.2099609375,2625810000,-0.6381209720286996,-62.54081998535561
2018-12-03,7106.83984375,7107.0,7013.2001953125,7062.1298828125,7062.1298828125,2621020000,3.928059962965058,-63.956625354121854
2018-11-30,6902.240234375,6951.1298828125,6872.2900390625,6949.009765625,6949.009765625,2542820000,-1.60178471742366,-63.36988984772729
2018-11-29,6890.83984375,6938.02001953125,6839.4501953125,6892.39990234375,6892.39990234375,1983460000,-0.8146464775641071,-63.06903302614442
2018-11-28,6756.1298828125,6914.7900390625,6713.2900390625,6913.330078125,6913.330078125,2390260000,0.3036703626864812,-63.18084189709362
2018-11-27,6639.39013671875,6715.41015625,6609.080078125,6701.0400390625,6701.0400390625,2067360000,-3.0707348942331514,-62.014404975906686
2018-11-26,6616.7900390625,6679.91015625,6590.89013671875,6678.33984375,6678.33984375,2011180000,-0.33875630021866776,-61.88528899105374
2018-11-23,6525.02001953125,6591.56005859375,6524.5498046875,6527.35009765625,6527.35009765625,958950000,-2.2608874305049875,-61.00362484686392
2018-11-21,6608.1201171875,6639.3701171875,6566.31005859375,6575.66015625,6575.66015625,1858050000,0.7401174729557702,-61.290123407286224
2018-11-20,6475.68017578125,6614.009765625,6442.35986328125,6526.9599609375,6526.9599609375,2664950000,-0.7406130206746075,-61.00129391210465
2018-11-19,6832.25,6841.43994140625,6623.3701171875,6642.919921875,6642.919921875,2354020000,1.7766304930855403,-61.68206208148654
2018-11-16,6823.02978515625,6898.1298828125,6797.43017578125,6867.02001953125,6867.02001953125,2438260000,3.373517975405549,-62.9325395236815
2018-11-15,6750.6298828125,6908.830078125,6702.419921875,6890.4501953125,6890.4501953125,2508720000,0.3411985943627682,-63.05858311881778
2018-11-14,6896.2001953125,6916.10009765625,6736.18017578125,6769.8701171875,6769.8701171875,2540220000,-1.7499593597966823,-62.40060905779817
2018-11-13,6858.58984375,6951.43994140625,6811.68017578125,6830.91015625,6830.91015625,2343940000,0.9016426904192798,-62.73659185355173
2018-11-12,6990.3701171875,6998.7998046875,6819.3798828125,6829.10009765625,6829.10009765625,2289070000,-0.026498058858137608,-62.72671515659556
2018-11-09,7095.4501953125,7104.39013671875,6982.89013671875,7039.14990234375,7039.14990234375,2418490000,3.0758050355652156,-63.83895829817319
2018-11-08,7176.18994140625,7192.31982421875,7125.14013671875,7158.58984375,7158.58984375,2462430000,1.696794969041382,-64.44229957017329
2018-11-07,7068.5,7205.9599609375,7057.7099609375,7203.1298828125,7203.1298828125,2677530000,0.6221901245171413,-64.66216807065614
2018-11-06,6939.1298828125,7024.77978515625,6928.0,6988.85009765625,6988.85009765625,2285680000,-2.9748149574193583,-63.578701845468835
2018-11-05,6946.14990234375,6952.93017578125,6859.7998046875,6937.08984375,6937.08984375,2166470000,-0.740611877247277,-63.30694874978532
2018-11-02,7042.2998046875,7085.27001953125,6909.06982421875,6965.2900390625,6965.2900390625,2889910000,0.4065133355294126,-63.45550698728361
2018-11-01,6980.7900390625,7071.83984375,6932.2099609375,7069.169921875,7069.169921875,2708880000,1.4913934987620614,-63.99252020008759
2018-10-31,6933.10986328125,7030.509765625,6924.08984375,6967.10009765625,6967.10009765625,2899730000,-1.4438728358035724,-63.46500127797914
2018-10-30,6673.83984375,6816.27001953125,6652.52978515625,6810.1201171875,6810.1201171875,2681310000,-2.253160974701063,-62.62283355008049
2018-10-29,6954.68994140625,6973.18994140625,6574.75,6713.89990234375,6713.89990234375,2689550000,-1.4129004068651807,-62.0871629207334
2018-10-26,6804.68994140625,6976.93994140625,6743.77978515625,6852.39990234375,6852.39990234375,2964780000,2.0628844935810076,-62.85345327306418
2018-10-25,6891.27001953125,7063.919921875,6866.75,7016.39013671875,7016.39013671875,2741810000,2.3931795679191126,-63.721659114710974
2018-10-24,7101.85009765625,7117.33984375,6777.47021484375,6789.14990234375,6789.14990234375,2930550000,-3.238705800947239,-62.50738357151473
2018-10-23,7002.68994140625,7149.1298828125,6933.56005859375,7118.669921875,7118.669921875,2735820000,4.853627100168945,-64.24289987348958
2018-10-22,7146.02978515625,7193.72021484375,7088.89990234375,7141.2099609375,7141.2099609375,2282400000,0.31663273209558973,-64.35576120063469
2018-10-19,7169.4501953125,7227.9599609375,7080.740234375,7107.22998046875,7107.22998046875,2532220000,-0.47582945543711563,-64.1853445204999
2018-10-18,7250.919921875,7251.5400390625,7081.89013671875,7116.08984375,7116.08984375,2545950000,0.12465986475178603,-64.22993543460875
2018-10-17,7310.0,7311.85009765625,7205.759765625,7278.6298828125,7278.6298828125,2364720000,2.2841201085348484,-65.02872144040029
2018-10-16,7141.669921875,7291.259765625,7133.2900390625,7276.43017578125,7276.43017578125,2623300000,-0.030221443687417082,-65.01814942012648
2018-10-15,7129.31005859375,7144.16015625,7047.47021484375,7068.669921875,7068.669921875,2148850000,-2.855249743174282,-63.989973223060936
2018-10-12,7150.2099609375,7179.0400390625,7019.89013671875,7157.2099609375,7157.2099609375,2650290000,1.2525700031416065,-64.43544418100029
2018-10-11,7013.47998046875,7120.10009765625,6892.89013671875,6964.02978515625,6964.02978515625,3129290000,-2.699098906355768,-63.44889366978039
2018-10-10,7319.81005859375,7329.240234375,7042.06005859375,7044.5,7044.5,3077330000,1.1555122152876462,-63.8664215822184
2018-10-09,7352.43994140625,7430.35986328125,7339.85986328125,7371.6201171875,7371.6201171875,2459040000,4.643624347895514,-65.46987105716748
2018-10-08,7356.5400390625,7415.5400390625,7267.02001953125,7352.81982421875,7352.81982421875,2239640000,-0.25503610698706103,-65.38158159055556
2018-10-05,7482.0400390625,7510.4501953125,7327.43994140625,7399.009765625,7399.009765625,2672900000,0.6281935707727948,-65.59769466089345
2018-10-04,7603.009765625,7608.240234375,7436.259765625,7490.0,7490.0,3274550000,1.2297623230304477,-66.0156217404456
2018-10-03,7663.08984375,7676.89990234375,7625.60009765625,7637.43017578125,7637.43017578125,3047330000,1.9683601572930476,-66.67164382448514
2018-10-02,7632.3701171875,7685.35986328125,7610.25,7628.27978515625,7628.27978515625,2391370000,-0.11980981055664808,-66.63166528587826
2018-10-01,7673.0,7700.56005859375,7627.47021484375,7645.4501953125,7645.4501953125,2283230000,0.22508888818764117,-66.70660501848207
2018-09-28,7612.64990234375,7649.2998046875,7598.68994140625,7627.64990234375,7627.64990234375,2323940000,-0.23282203812751145,-66.62890976605402
2018-09-27,7600.35009765625,7657.7998046875,7596.9599609375,7629.56982421875,7629.56982421875,2053770000,0.02517055580133487,-66.63730734122653
2018-09-26,7563.9599609375,7637.6201171875,7553.259765625,7563.08984375,7563.08984375,2290730000,-0.8713463799455701,-66.34404741675624
2018-09-25,7552.02001953125,7568.169921875,7525.18994140625,7563.18994140625,7563.18994140625,2288140000,0.0013235021442126182,-66.34449284811504
2018-09-24,7477.4501953125,7554.9501953125,7447.22998046875,7548.75,7548.75,2416380000,-0.19092395560761366,-66.28011350699619
2018-09-21,7587.39013671875,7603.85986328125,7522.1201171875,7531.06982421875,7531.06982421875,3706820000,-0.2342132906938188,-66.20095164361751
2018-09-20,7534.02001953125,7582.43017578125,7523.8701171875,7569.02978515625,7569.02978515625,2287150000,0.5040447349913935,-66.37045957154892
2018-09-19,7498.240234375,7513.33984375,7441.56005859375,7490.31982421875,7490.31982421875,2156730000,-1.039894982205769,-66.01707281696592
2018-09-18,7440.85986328125,7531.2001953125,7436.52978515625,7494.39990234375,7494.39990234375,2317990000,0.054471347295592665,-66.03557369757405
2018-09-17,7522.58984375,7533.919921875,7427.7900390625,7434.72998046875,7434.72998046875,2284140000,-0.7961934598170961,-65.76298078978601
2018-09-14,7575.3798828125,7581.2998046875,7515.0400390625,7545.5,7545.5,2030720000,1.4898996980690082,-66.26558966747564
2018-09-13,7535.22998046875,7578.759765625,7531.66015625,7561.68994140625,7561.68994140625,2318720000,0.21456419596117549,-66.33781666050102
2018-09-12,7493.3798828125,7501.240234375,7422.91015625,7488.06005859375,7488.06005859375,2341850000,-0.97372258559979,-66.00681736360627
2018-09-11,7415.08984375,7519.4501953125,7401.72021484375,7507.8701171875,7507.8701171875,2336600000,0.2645552845294663,-66.09651083582995
2018-09-10,7466.759765625,7473.75,7410.740234375,7447.68017578125,7447.68017578125,2041450000,-0.8016912981547053,-65.82251289578753
2018-09-07,7402.18994140625,7489.39990234375,7400.990234375,7430.259765625,7430.259765625,2146380000,-0.233903843144323,-65.74238301308549
2018-09-06,7527.22021484375,7532.2998046875,7405.31982421875,7453.169921875,7453.169921875,2368680000,0.30833587213181524,-65.84768684570297
2018-09-05,7600.9501953125,7607.18017578125,7498.3798828125,7523.259765625,7523.259765625,2596780000,0.9404031369831811,-66.16586412088137
2018-09-04,7629.33984375,7643.4501953125,7581.35009765625,7622.31982421875,7622.31982421875,2229520000,1.3167172433201202,-66.60557428260996
2018-08-31,7634.43994140625,7676.4599609375,7628.5400390625,7654.5498046875,7654.5498046875,1899910000,0.4228368949613426,-66.74618368696417
2018-08-30,7645.10986328125,7691.10009765625,7619.72998046875,7642.669921875,7642.669921875,2014450000,-0.15520028108282347,-66.69449344717813
2018-08-29,7585.1298828125,7661.9501953125,7583.52001953125,7660.18017578125,7660.18017578125,1897000000,0.2291117382438701,-66.77062584391469
2018-08-28,7580.85009765625,7588.72021484375,7556.7099609375,7570.25,7570.25,1961300000,-1.173995568218844,-66.37588016722532
2018-08-27,7527.3701171875,7560.759765625,7512.02001953125,7559.1298828125,7559.1298828125,2319130000,-0.14689233760444287,-66.32641625290402
2018-08-24,7443.7099609375,7489.5400390625,7442.990234375,7485.39990234375,7485.39990234375,1886600000,-0.975376552748386,-65.994736889827
2018-08-23,7420.31005859375,7465.8701171875,7405.39990234375,7413.83984375,7413.83984375,1879890000,-0.9559951308859782,-65.6665104009973
2018-08-22,7379.83984375,7434.47998046875,7374.68994140625,7424.60009765625,7424.60009765625,1660460000,0.1451373934833633,-65.71626891468337
2018-08-21,7393.4599609375,7441.419921875,7388.3701171875,7397.22998046875,7397.22998046875,1766630000,-0.3686409614996,-65.58941741217399
2018-08-20,7393.580078125,7395.75,7343.47021484375,7371.419921875,7371.419921875,1698970000,-0.3489151839526028,-65.46893327719732
2018-08-17,7352.6298828125,7394.93994140625,7312.64990234375,7377.5400390625,7377.5400390625,1843150000,0.08302494298741969,-65.49757889265098
2018-08-16,7409.60986328125,7422.830078125,7361.8798828125,7374.2900390625,7374.2900390625,1979540000,-0.04405262435435153,-65.48237297208034
2018-08-15,7385.669921875,7409.47998046875,7308.52001953125,7354.66015625,7354.66015625,2286960000,-0.2661935278992056,-65.39024404169763
2018-08-14,7430.4501953125,7455.419921875,7390.0,7447.169921875,7447.169921875,1917360000,1.2578387533839441,-65.820171174505
2018-08-13,7420.18017578125,7468.81982421875,7398.52978515625,7401.169921875,7401.169921875,1914240000,-0.6176843080333283,-65.60773555384375
2018-08-10,7409.0498046875,7436.68994140625,7382.830078125,7408.2998046875,7408.2998046875,2095180000,0.09633453748205678,-65.64083529624382
2018-08-09,7467.509765625,7498.3701171875,7458.56982421875,7466.9599609375,7466.9599609375,2032950000,0.7918167163386558,-65.9107596002023
2018-08-08,7454.419921875,7486.2099609375,7435.77001953125,7469.5498046875,7469.5498046875,2087850000,0.03468404496005384,-65.92257902821336
2018-08-07,7459.31982421875,7478.9599609375,7443.8798828125,7462.64990234375,7462.64990234375,2197590000,-0.09237373769728219,-65.89107133591786
2018-08-06,7390.81982421875,7439.5498046875,7381.580078125,7438.990234375,7438.990234375,2238170000,-0.3170411084314595,-65.7825880738707
2018-08-03,7389.35986328125,7395.490234375,7356.330078125,7395.490234375,7395.490234375,2018700000,-0.584756783239071,-65.58132252262054
2018-08-02,7221.35009765625,7380.56005859375,7221.35009765625,7372.14990234375,7372.14990234375,2081300000,-0.3156022290822791,-65.47235249745283
2018-08-01,7269.2001953125,7294.7998046875,7234.64013671875,7272.89013671875,7272.89013671875,2223550000,-1.346415454648353,-65.00112219777012
2018-07-31,7219.669921875,7272.9599609375,7179.41015625,7231.97998046875,7231.97998046875,2195050000,-0.5625020518797097,-64.8031391331971
2018-07-30,7292.72021484375,7299.080078125,7158.77978515625,7193.10009765625,7193.10009765625,2143410000,-0.5376104872732212,-64.61289434203744
2018-07-27,7443.240234375,7443.240234375,7255.31982421875,7296.77978515625,7296.77978515625,2176170000,1.4413769597587223,-65.1157084825451
2018-07-26,7404.56005859375,7430.1201171875,7385.72021484375,7400.75,7400.75,2213070000,1.4248780682028395,-65.6057841213306
2018-07-25,7406.10009765625,7511.39013671875,7405.64013671875,7508.58984375,7508.58984375,1899790000,1.4571475019423685,-66.09976061271492
2018-07-24,7455.509765625,7475.990234375,7375.740234375,7406.25,7406.25,2014850000,-1.3629702231662821,-65.63132581751054
2018-07-23,7335.419921875,7376.81982421875,7301.33984375,7371.77978515625,7371.77978515625,1654290000,-0.4654206223628665,-65.47061895736385
2018-07-20,7379.1298828125,7398.58984375,7343.3701171875,7350.22998046875,7350.22998046875,1786250000,-0.29232838358644875,-65.36938383690827
2018-07-19,7364.66015625,7388.990234375,7344.330078125,7352.35986328125,7352.35986328125,1853030000,0.028977090759885193,-65.37941587499178
2018-07-18,7407.25,7411.25,7368.35986328125,7390.1298828125,7390.1298828125,1857670000,0.5137128790428047,-65.556357303535
2018-07-17,7291.47998046875,7418.43017578125,7288.2998046875,7403.89013671875,7403.89013671875,1740680000,0.18619772756975905,-65.62037139075234
2018-07-16,7381.02978515625,7390.64013671875,7346.33984375,7357.89990234375,7357.89990234375,1730190000,-0.6211631119013572,-65.40548301248546
2018-07-13,7372.27978515625,7387.740234375,7348.9599609375,7375.81982421875,7375.81982421875,1714140000,0.24354669284494257,-65.48953211570297
2018-07-12,7276.3798828125,7368.72021484375,7274.16015625,7366.25,7366.25,1926110000,-0.1297459054968697,-65.44469802625996
2018-07-11,7221.66015625,7271.1201171875,7220.22998046875,7243.97998046875,7243.97998046875,1761420000,-1.6598679047174603,-64.86144442000634
2018-07-10,7287.0498046875,7297.7900390625,7257.490234375,7282.60009765625,7282.60009765625,1725210000,0.5331339580124217,-65.0477865390437
2018-07-09,7251.18017578125,7277.580078125,7221.31982421875,7276.0,7276.0,1837330000,-0.0906283136207664,-65.01608120339988
2018-07-06,7114.169921875,7217.0,7106.10009765625,7207.330078125,7207.330078125,1704580000,-0.9437867217564566,-64.68276179876553
2018-07-05,7064.0,7105.5400390625,7025.25,7101.0498046875,7101.0498046875,1745030000,-1.4746136542305943,-64.15417435939752
2018-07-03,7121.7099609375,7122.4501953125,7009.509765625,7014.5498046875,7014.5498046875,1179310000,-1.2181297467157681,-63.712141156377115
2018-07-02,6979.5400390625,7099.27001953125,6969.16015625,7097.81982421875,7097.81982421875,1767910000,1.1871042597146442,-64.13786212274277
2018-06-29,7071.490234375,7101.830078125,7031.39990234375,7040.7998046875,7040.7998046875,2192010000,-0.8033455475537687,-63.84743207801515
2018-06-28,6963.3701171875,7055.25,6950.22998046875,7031.60009765625,7031.60009765625,2195400000,-0.13066281227205323,-63.80013231285637
2018-06-27,7096.60009765625,7128.77001953125,6968.2998046875,6969.669921875,6969.669921875,2286430000,-0.8807408686664742,-63.478472292474855
2018-06-26,7061.22998046875,7108.4501953125,7040.06005859375,7068.2001953125,7068.2001953125,2058640000,1.413700713835131,-63.98758012925685
2018-06-25,7131.0498046875,7144.2900390625,6976.9599609375,7038.169921875,7038.169921875,2415090000,-0.42486450026437694,-63.83392330825524
2018-06-22,7239.72021484375,7239.75,7177.4599609375,7197.509765625,7197.509765625,3928340000,2.263938573786972,-64.63457481089515
2018-06-21,7304.0498046875,7308.259765625,7203.93017578125,7217.490234375,7217.490234375,2315880000,0.2776025236593149,-64.73247834105248
2018-06-20,7264.85009765625,7309.990234375,7256.8701171875,7280.7001953125,7280.7001953125,2305100000,0.8757886590057051,-65.03866574152528
2018-06-19,7158.7998046875,7229.990234375,7138.02001953125,7228.0400390625,7228.0400390625,2269000000,-0.7232842286776786,-64.78395363218303
2018-06-18,7201.18017578125,7256.43017578125,7186.16015625,7251.41015625,7251.41015625,2093950000,0.3233257848766824,-64.89744922997197
2018-06-15,7245.16015625,7268.83984375,7220.97021484375,7255.759765625,7255.759765625,3043790000,0.05998294512759017,-64.91849215157463
2018-06-14,7233.7001953125,7291.31005859375,7233.7001953125,7279.58984375,7279.58984375,2188230000,0.3284298115532769,-65.03333310974874
2018-06-13,7219.580078125,7261.169921875,7193.02001953125,7205.259765625,7205.259765625,2172770000,-1.0210750841796012,-64.67261397313648
2018-06-12,7181.669921875,7214.490234375,7173.759765625,7209.18017578125,7209.18017578125,2006760000,0.054410393015302816,-64.69182528976285
2018-06-11,7149.64990234375,7187.4501953125,7146.08984375,7168.47998046875,7168.47998046875,1942940000,-0.5645606618243426,-64.49135746244801
2018-06-08,7121.759765625,7161.919921875,7100.72998046875,7152.6201171875,7152.6201171875,1941580000,-0.22124443849270703,-64.41262236863321
2018-06-07,7212.43017578125,7212.43017578125,7115.85986328125,7152.830078125,7152.830078125,2328280000,0.00293544091618525,-64.41366698441313
2018-06-06,7180.240234375,7212.4501953125,7140.919921875,7210.080078125,7210.080078125,2191750000,0.8003824972032225,-64.69623216303346
2018-06-05,7162.41015625,7179.81982421875,7137.1298828125,7166.75,7166.75,2058630000,-0.6009652827083212,-64.48278603773502
2018-06-04,7099.5,7146.77001953125,7099.08984375,7143.56982421875,7143.56982421875,2142790000,-0.3234405522900885,-64.36753620002582
2018-06-01,7010.080078125,7084.83984375,7008.02001953125,7083.93017578125,7083.93017578125,2208600000,-0.8348717784671833,-64.06754628464554
2018-05-31,6969.93017578125,7016.419921875,6955.990234375,6967.72998046875,6967.72998046875,2514610000,-1.6403351307691993,-63.46830404198036
2018-05-30,6955.58984375,6987.6298828125,6938.02001953125,6976.3701171875,6976.3701171875,2049450000,0.12400217492596344,-63.513548035969066
2018-05-29,6928.5,6964.64990234375,6887.1201171875,6926.5400390625,6926.5400390625,2087370000,-0.714269416443869,-63.25106160816843
2018-05-25,6951.47021484375,6982.52001953125,6941.85009765625,6960.919921875,6960.919921875,1757660000,0.4963500191814907,-63.43256408335487
2018-05-24,6951.52001953125,6963.68017578125,6882.56982421875,6949.7001953125,6949.7001953125,1992460000,-0.1611816640389896,-63.373528927801935
2018-05-23,6847.27001953125,6954.7001953125,6846.93994140625,6953.6298828125,6953.6298828125,1980450000,0.0565447053766599,-63.39422755398238
2018-05-22,6934.7001953125,6947.43017578125,6883.75,6893.6201171875,6893.6201171875,1908280000,-0.8629991333494513,-63.075570043463244
2018-05-21,6920.31982421875,6948.27001953125,6876.35009765625,6905.52978515625,6905.52978515625,1949100000,0.1727636244279962,-63.13925200768604
2018-05-18,6876.64990234375,6897.91015625,6857.580078125,6866.25,6866.25,1966710000,-0.5688163888697417,-62.92838257213727
2018-05-17,6905.75,6952.97998046875,6869.39013671875,6901.6298828125,6901.6298828125,1931700000,0.5152722783542618,-63.118423113652526
2018-05-16,6892.89013671875,6944.5400390625,6891.64990234375,6929.97021484375,6929.97021484375,2083660000,0.41063245222447975,-63.2692514869919
2018-05-15,6909.31982421875,6912.0400390625,6852.72998046875,6888.5400390625,6888.5400390625,2114040000,-0.597840603881794,-63.048339456454016
2018-05-14,6977.35009765625,7008.259765625,6954.64013671875,6964.3701171875,6964.3701171875,2075670000,1.1008149432970349,-63.45067983450922
2018-05-11,6948.8701171875,6969.2998046875,6923.60986328125,6952.56005859375,6952.56005859375,2083030000,-0.1695782733402318,-63.38859484580313
2018-05-10,6909.18017578125,6966.93017578125,6906.77001953125,6963.5498046875,6963.5498046875,2233460000,0.15806761827488192,-63.446374291353905
2018-05-09,6830.5498046875,6895.93017578125,6807.39990234375,6893.2099609375,6893.2099609375,2241480000,-1.010114750707336,-63.07337298493607
2018-05-08,6813.91015625,6830.8701171875,6770.2998046875,6815.47998046875,6815.47998046875,2054830000,-1.1276311168415099,-62.65222788512163
2018-05-07,6803.4501953125,6846.4599609375,6796.0498046875,6821.8701171875,6821.8701171875,1939980000,0.09375915910636579,-62.68721204135082
2018-05-04,6618.7001953125,6783.35986328125,6612.39013671875,6769.1201171875,6769.1201171875,2022230000,-0.7732483775540921,-62.39644314809078
2018-05-03,6608.7001953125,6667.2900390625,6539.8701171875,6643.47998046875,6643.47998046875,2345740000,-1.8560778143046464,-61.68529235996847
2018-05-02,6694.52001953125,6715.9599609375,6637.9599609375,6644.47998046875,6644.47998046875,2144200000,0.015052352124778068,-61.69105875669969
2018-05-01,6592.93017578125,6685.41015625,6578.259765625,6681.9599609375,6681.9599609375,1929110000,0.5640769567960335,-61.90593857908282
2018-04-30,6669.43994140625,6712.5,6593.60009765625,6605.56982421875,6605.56982421875,1987020000,-1.143229489032016,-61.46539966456752
2018-04-27,6748.58984375,6750.77978515625,6619.259765625,6656.35009765625,6656.35009765625,2027530000,0.7687493250214228,-61.759374217157095
2018-04-26,6606.60986328125,6673.64990234375,6579.1201171875,6649.64990234375,6649.64990234375,2127140000,-0.10065869754746215,-61.7208429162044
2018-04-25,6514.330078125,6540.759765625,6426.56982421875,6513.93994140625,6513.93994140625,2026690000,-2.0408587358812236,-60.92334355954916
2018-04-24,6680.8798828125,6688.89013671875,6464.740234375,6509.0498046875,6509.0498046875,2149250000,-0.07507187297913775,-60.89398594234859
2018-04-23,6699.16015625,6721.64990234375,6613.5498046875,6648.7998046875,6648.7998046875,1737370000,2.1470107649100845,-61.715948646159255
2018-04-20,6754.68017578125,6757.68017578125,6642.830078125,6667.75,6667.75,1921790000,0.2850167830160899,-61.82475450278393
2018-04-19,6793.080078125,6815.0400390625,6749.06982421875,6774.89013671875,6774.89013671875,1963950000,1.6068409391286398,-62.42846924048512
2018-04-18,6824.580078125,6856.9599609375,6788.31982421875,6833.2099609375,6833.2099609375,1893220000,0.860823172654368,-62.74913333277121
2018-04-17,6738.64990234375,6834.31005859375,6729.7900390625,6816.3701171875,6816.3701171875,1913230000,-0.24644118717653818,-62.6571050591529
2018-04-16,6675.919921875,6699.759765625,6633.080078125,6675.18017578125,6675.18017578125,1795950000,-2.0713361947620634,-61.86724755571541
2018-04-13,6696.02001953125,6703.31005859375,6598.33984375,6628.33984375,6628.33984375,1743640000,-0.7017088797272475,-61.59777573805658
2018-04-12,6627.31982421875,6682.68994140625,6618.81005859375,6656.259765625,6656.259765625,2021110000,0.42122043427399447,-61.75885525402691
2018-04-11,6578.83984375,6650.2900390625,6574.8798828125,6583.43994140625,6583.43994140625,1852120000,-1.0940051437717924,-61.33586765740417
2018-04-10,6585.52978515625,6639.97021484375,6534.89013671875,6615.8701171875,6615.8701171875,2238770000,0.49260228801180084,-61.52539444467324
2018-04-09,6488.47998046875,6604.259765625,6466.0400390625,6472.33984375,6472.33984375,2080900000,-2.1694844501952915,-60.67218358290296
2018-04-06,6514.47998046875,6587.35986328125,6402.02978515625,6433.2099609375,6433.2099609375,2350540000,-0.6045708933267058,-60.43297285342006
2018-04-05,6619.22021484375,6632.2099609375,6550.27978515625,6594.83984375,6594.83984375,2124660000,2.5124297791291994,-61.402702841177316
2018-04-04,6326.5400390625,6578.56005859375,6326.5400390625,6560.06005859375,6560.06005859375,2254070000,-0.5273787685566189,-61.198069698979594
2018-04-03,6448.0498046875,6485.27001953125,6343.89990234375,6458.830078125,6458.830078125,2328510000,-1.543125818431157,-60.589922619863
2018-04-02,6528.22998046875,6560.9599609375,6322.60009765625,6390.83984375,6390.83984375,2394730000,-1.052671049595677,-60.17065058937505
2018-03-29,6493.509765625,6640.759765625,6435.669921875,6581.1298828125,6581.1298828125,2504500000,2.977543542240335,-61.32229606517332
2018-03-28,6488.02001953125,6559.8798828125,6410.0400390625,6460.81005859375,6460.81005859375,2518670000,-1.828254818872077,-60.60200023594782
2018-03-27,6791.39013671875,6793.5,6479.56005859375,6529.83984375,6529.83984375,2325990000,1.0684385476466884,-61.01849367596712
2018-03-26,6644.39990234375,6760.64990234375,6538.7900390625,6753.830078125,6753.830078125,2326060000,3.430256173731294,-62.311312215493466
2018-03-23,6683.18994140625,6708.580078125,6507.83984375,6508.08984375,6508.08984375,2390410000,-3.6385314929809787,-60.88821769900563
2018-03-22,6763.93994140625,6809.93994140625,6679.35009765625,6682.259765625,6682.259765625,2347160000,2.676206476194598,-61.907647698240176
2018-03-21,6863.2900390625,6930.7001953125,6828.8798828125,6853.4501953125,6853.4501953125,1988390000,2.561864334699182,-62.85914599070694
2018-03-20,6871.08984375,6902.22998046875,6845.85009765625,6885.919921875,6885.919921875,1967690000,0.47377197815938743,-63.034279217300025
2018-03-19,6945.97021484375,6949.02001953125,6806.16015625,6864.8798828125,6864.8798828125,2324430000,-0.30555160822681726,-62.920983686639865
2018-03-16,7058.1201171875,7061.669921875,7011.68994140625,7019.9501953125,7019.9501953125,3046990000,2.2588933112762444,-63.740057111226946
2018-03-15,7050.66015625,7075.5498046875,7010.009765625,7030.97021484375,7030.97021484375,1991570000,0.15698144893689925,-63.79688927899701
2018-03-14,7077.85009765625,7084.06982421875,7012.56982421875,7040.97998046875,7040.97998046875,2104450000,0.14236677612240456,-63.84835720735617
2018-03-13,7172.25,7186.08984375,7025.830078125,7046.509765625,7046.509765625,2448830000,0.07853715209515943,-63.876727396902226
2018-03-12,7122.47021484375,7156.25,7108.0400390625,7131.1201171875,7131.1201171875,2294440000,1.2007412801051442,-64.30532805771139
2018-03-09,7014.83984375,7101.31005859375,7007.2998046875,7101.18017578125,7101.18017578125,2302930000,-0.4198490687891909,-64.15483245557019
2018-03-08,6955.85009765625,6971.0,6931.35009765625,6966.43017578125,6966.43017578125,2272110000,-1.8975719058582419,-63.46148791543486
2018-03-07,6855.56982421875,6935.47998046875,6850.91015625,6929.39013671875,6929.39013671875,2192230000,-0.5316932507451133,-63.26617665597403
2018-03-06,6919.7900390625,6937.02978515625,6872.06005859375,6913.02001953125,6913.02001953125,2112570000,-0.2362418173102232,-63.1791905064782
2018-03-05,6777.6298828125,6901.6298828125,6753.830078125,6881.27978515625,6881.27978515625,2066350000,-0.4591370238379855,-63.009352749594285
2018-03-02,6661.91015625,6820.3701171875,6645.02978515625,6811.0400390625,6811.0400390625,2287320000,-1.0207366694385156,-62.62788183534171
2018-03-01,6862.93994140625,6892.3798828125,6687.43994140625,6750.5400390625,6750.5400390625,2489040000,-0.8882637549188055,-62.29294372137183
2018-02-28,6945.2001953125,6964.16015625,6854.419921875,6854.419921875,6854.419921875,2373880000,1.5388381108976779,-62.86440047950356
2018-02-27,6984.830078125,7003.1298828125,6900.35009765625,6900.35009765625,6900.35009765625,2155850000,0.6700811491672676,-63.11158280932445
2018-02-26,6933.81982421875,6989.35986328125,6927.4599609375,6989.10009765625,6989.10009765625,1866610000,1.286166625518681,-63.58000463472804
2018-02-23,6816.43017578125,6897.52978515625,6789.02978515625,6896.60009765625,6896.60009765625,1879460000,-1.323489415053869,-63.091524873166605
2018-02-22,6793.080078125,6826.009765625,6744.0498046875,6761.85009765625,6761.85009765625,1911900000,-1.9538612953039491,-62.35601359274578
2018-02-21,6808.60009765625,6879.47021484375,6759.22021484375,6759.259765625,6759.259765625,1946010000,-0.038308036910605914,-62.34158739414478
2018-02-20,6742.14990234375,6838.0,6740.47998046875,6779.68994140625,6779.68994140625,1911170000,0.30225463275062037,-62.45506868839714
2018-02-16,6778.27978515625,6840.60009765625,6758.509765625,6770.66015625,6770.66015625,2019830000,-0.13318876282382153,-62.404996368176334
2018-02-15,6734.33984375,6795.919921875,6665.919921875,6794.919921875,6794.919921875,2110700000,0.35830724131982183,-62.53922105180254
2018-02-14,6523.259765625,6684.14990234375,6520.39013671875,6675.02978515625,6675.02978515625,2211460000,-1.7644083829860269,-61.86638841221228
2018-02-13,6482.77001953125,6567.6201171875,6478.41015625,6553.85986328125,6553.85986328125,1816670000,-1.8152716283671766,-61.16136162901975
2018-02-12,6477.0400390625,6565.27978515625,6424.2998046875,6523.85009765625,6523.85009765625,2240420000,-0.45789452705775613,-60.98270356403357
2018-02-09,6395.16015625,6453.43017578125,6164.43017578125,6412.68017578125,6412.68017578125,3155990000,-1.7040538977886488,-60.30630154839247
2018-02-08,6595.81005859375,6606.0498046875,6304.18017578125,6306.10009765625,6306.10009765625,2707700000,-1.6620207963515932,-59.63543406824974
2018-02-07,6632.97998046875,6716.25,6581.3798828125,6582.02001953125,6582.02001953125,2366970000,4.375444690095387,-61.32752674578006
2018-02-06,6378.60009765625,6673.41015625,6370.47998046875,6665.97998046875,6665.97998046875,3131030000,1.2755956482715103,-61.81461781915476
2018-02-05,6687.47021484375,6807.9599609375,6495.39013671875,6495.919921875,6495.919921875,3106870000,-2.5511636562369544,-60.81494288331828
2018-02-02,6866.3798828125,6889.06982421875,6756.5400390625,6760.2900390625,6760.2900390625,2587770000,4.069787195147434,-62.347326565390695
2018-02-01,6910.56982421875,6970.77001953125,6879.02001953125,6901.5,6901.5,2291680000,2.0888151265930466,-63.117729020638635
2018-01-31,6972.81005859375,6983.60986328125,6915.47998046875,6949.990234375,6949.990234375,2407540000,0.7026042798667032,-63.375057434601835
2018-01-30,6910.39013671875,6958.7900390625,6894.6298828125,6930.72998046875,6930.72998046875,2163980000,-0.27712634488301635,-63.273278012362155
2018-01-29,7000.68017578125,7020.64013671875,6974.7001953125,6988.31982421875,6988.31982421875,2103380000,0.8309347487536201,-63.57593819877601
2018-01-26,6956.66015625,7022.97021484375,6941.47998046875,7022.97021484375,7022.97021484375,2059010000,0.4958329254610705,-63.75564962157174
2018-01-25,6965.009765625,6967.60009765625,6894.83984375,6916.2998046875,6916.2998046875,2061450000,-1.5188788631168015,-63.19665133782275
2018-01-24,6975.3798828125,6992.91015625,6880.68017578125,6919.35009765625,6919.35009765625,2277010000,0.04410296046857276,-63.21287554877699
2018-01-23,6928.27001953125,6969.39990234375,6926.3701171875,6963.4599609375,6963.4599609375,2119840000,0.6374856403954965,-63.44590267023047
2018-01-22,6829.5498046875,6906.27978515625,6822.85009765625,6906.27978515625,6906.27978515625,2106070000,-0.8211460409338178,-63.14325496757968
2018-01-19,6829.0400390625,6843.240234375,6801.58984375,6834.330078125,6834.330078125,1997270000,-1.0418012196072968,-62.75523858895964
2018-01-18,6804.58984375,6826.7900390625,6784.72021484375,6811.3798828125,6811.3798828125,2026220000,-0.335807534171606,-62.62974646204014
2018-01-17,6767.85009765625,6820.0400390625,6738.4501953125,6810.27978515625,6810.27978515625,2238070000,-0.01615087801850601,-62.623709863012266
2018-01-16,6807.85009765625,6835.7900390625,6719.10986328125,6737.14013671875,6737.14013671875,2377140000,-1.073959525083179,-62.217945894170626
2018-01-12,6699.31982421875,6763.97998046875,6695.52001953125,6758.5400390625,6758.5400390625,1976200000,0.31764074829194744,-62.33757709610743
2018-01-11,6675.68994140625,6708.490234375,6664.740234375,6708.490234375,6708.490234375,2009740000,-0.7405416613384785,-62.05659033984162
2018-01-10,6640.66015625,6663.509765625,6619.35009765625,6662.66015625,6662.66015625,2122740000,-0.6831653102834068,-61.79559107104016
2018-01-09,6692.8701171875,6696.1201171875,6658.27001953125,6677.93994140625,6677.93994140625,14250900000,0.22933460206455702,-61.883006526341944
2018-01-08,6651.68017578125,6680.31982421875,6649.2001953125,6676.6298828125,6676.6298828125,2051430000,-0.01961770553861042,-61.87552737956512
2018-01-05,6613.1298828125,6654.97998046875,6605.02978515625,6653.2900390625,6653.2900390625,2020900000,-0.3495752222252624,-61.74178614345669
2018-01-04,6595.75,6603.169921875,6576.919921875,6584.580078125,6584.580078125,2098890000,-1.0327215638292198,-61.3425624498525
2018-01-03,6520.02978515625,6579.25,6519.259765625,6575.7998046875,6575.7998046875,2166780000,-0.13334598916443507,-61.290945478204215
2018-01-02,6431.58984375,6513.02001953125,6417.75,6511.33984375,6511.33984375,1914930000,-0.9802603919229713,-60.907739532534286
2017-12-29,6439.91015625,6442.52978515625,6396.419921875,6396.419921875,6396.419921875,1571730000,-1.7649197343816647,-60.20539672613495
2017-12-28,6449.52978515625,6452.06982421875,6432.68017578125,6441.419921875,6441.419921875,1311320000,0.7035185392707755,-60.483403309938396
2017-12-27,6437.06005859375,6448.93994140625,6425.919921875,6435.14990234375,6435.14990234375,1409540000,-0.09733908994128404,-60.44490073628972
2017-12-26,6427.31982421875,6438.240234375,6407.990234375,6433.16015625,6433.16015625,1304340000,-0.030919964941689138,-60.43266653065265
2017-12-22,6462.5498046875,6467.830078125,6449.0,6465.169921875,6465.169921875,1539250000,0.4975745177725921,-60.62856873988534
2017-12-21,6481.080078125,6501.52001953125,6467.77978515625,6472.68994140625,6472.68994140625,1815620000,0.1163158837605538,-60.674310762866426
2017-12-20,6504.5498046875,6504.5498046875,6447.93017578125,6472.47998046875,6472.47998046875,1874550000,-0.003243797237328927,-60.6730350758647
2017-12-19,6505.35986328125,6510.8701171875,6462.7900390625,6480.669921875,6480.669921875,2071060000,0.1265348279324785,-60.722734496186526
2017-12-18,6504.89013671875,6522.7001953125,6495.18017578125,6513.27001953125,6513.27001953125,2144360000,0.5030359214285962,-60.9193243331279
2017-12-15,6405.14990234375,6470.919921875,6405.02978515625,6466.31982421875,6466.31982421875,3510420000,-0.720839074254731,-60.63557014134915
2017-12-14,6407.259765625,6423.68017578125,6386.25,6389.91015625,6389.91015625,1985200000,-1.1816561822780236,-60.16485569596111
2017-12-13,6405.41015625,6416.830078125,6388.41015625,6394.669921875,6394.669921875,1919560000,0.07448877227709261,-60.19450631950254
2017-12-12,6389.47021484375,6403.5,6371.68994140625,6383.64990234375,6383.64990234375,1861560000,-0.1723313269626714,-60.12579056526779
2017-12-11,6351.240234375,6394.43017578125,6347.91015625,6393.89013671875,6393.89013671875,1818970000,0.1604134708458993,-60.189651726688844
2017-12-08,6364.60009765625,6377.5498046875,6335.22998046875,6344.56982421875,6344.56982421875,1806040000,-0.7713662800798549,-59.880180971070615
2017-12-07,6300.64013671875,6333.2900390625,6290.64990234375,6316.27978515625,6316.27978515625,1934120000,-0.44589373032841717,-59.70048797359193
2017-12-06,6243.72021484375,6304.10009765625,6234.22021484375,6293.0498046875,6293.0498046875,1891850000,-0.3677794723935812,-59.55172753051132
2017-12-05,6242.47021484375,6337.06005859375,6235.77001953125,6265.10986328125,6265.10986328125,2083540000,-0.4439809356893809,-59.37134404363825
2017-12-04,6380.68017578125,6380.77001953125,6256.81005859375,6263.7001953125,6263.7001953125,2426570000,-0.022500291287974594,-59.3622004203598
2017-12-01,6325.60986328125,6365.2998046875,6244.83984375,6337.8701171875,6337.8701171875,2293570000,1.1841231151277887,-59.83777066150753
2017-11-30,6337.33984375,6374.18994140625,6321.43017578125,6365.56005859375,6365.56005859375,2458580000,0.43689663710775317,-60.01247481430645
2017-11-29,6412.68994140625,6412.68994140625,6279.3701171875,6311.3798828125,6311.3798828125,2452860000,-0.8511454653248429,-59.66920104789635
2017-11-28,6419.47998046875,6426.0400390625,6385.31982421875,6422.56005859375,6422.56005859375,2000410000,1.7615826942064094,-60.36736272734896
2017-11-27,6409.52001953125,6420.2099609375,6392.009765625,6405.97021484375,6405.97021484375,1773400000,-0.2583057783601683,-60.26472421394624
2017-11-24,6393.330078125,6410.77001953125,6389.39990234375,6409.2900390625,6409.2900390625,848520000,0.0518239096875206,-60.285305921138345
2017-11-22,6384.1298828125,6391.16015625,6371.75,6386.1201171875,6386.1201171875,1588200000,-0.3615052795830298,-60.141214306478574
2017-11-21,6336.91015625,6380.06982421875,6336.259765625,6378.6298828125,6378.6298828125,1883550000,-0.11728928109010495,-60.09440932606236
2017-11-20,6319.56982421875,6324.58984375,6301.8798828125,6308.60986328125,6308.60986328125,1800880000,-1.0977282083715512,-59.65149237621916
2017-11-17,6343.64013671875,6345.56005859375,6308.47998046875,6314.509765625,6314.509765625,1988090000,0.09352143295608961,-59.68919162185059
2017-11-16,6293.4599609375,6352.47021484375,6293.4599609375,6339.14013671875,6339.14013671875,2002920000,0.39005990976264115,-59.84581699185807
2017-11-15,6261.27001953125,6276.7998046875,6227.990234375,6258.35986328125,6258.35986328125,1908660000,-1.2743096334089432,-59.32752370832732
2017-11-14,6293.330078125,6300.4599609375,6263.77001953125,6293.64013671875,6293.64013671875,1983830000,0.5637303416266448,-59.55552150511565
2017-11-13,6286.009765625,6325.18017578125,6285.97021484375,6316.18017578125,6316.18017578125,1973790000,0.3581399408427499,-59.699852429783164
2017-11-10,6297.14990234375,6313.169921875,6284.22021484375,6309.06982421875,6309.06982421875,1973970000,-0.11257360247201031,-59.65443397266847
2017-11-09,6295.2900390625,6315.16015625,6248.2900390625,6312.2099609375,6312.2099609375,2235180000,0.04977178579790298,-59.6745046918152
2017-11-08,6319.02978515625,6346.97998046875,6308.6201171875,6345.81005859375,6345.81005859375,2110990000,0.5323032323731436,-59.888022047027675
2017-11-07,6314.68994140625,6328.580078125,6299.52978515625,6320.77978515625,6320.77978515625,2205270000,-0.3944377976394464,-59.72917870642598
2017-11-06,6292.14990234375,6318.580078125,6291.83984375,6313.60986328125,6313.60986328125,2166470000,-0.11343413500717325,-59.68344597209973
2017-11-03,6266.18994140625,6297.6201171875,6237.64990234375,6295.580078125,6295.580078125,2195010000,-0.2855701499883234,-59.567984203947645
2017-11-02,6238.2900390625,6243.740234375,6194.580078125,6236.39013671875,6236.39013671875,2262940000,-0.9401824878999654,-59.18424159108346
2017-11-01,6274.259765625,6276.669921875,6224.580078125,6248.64990234375,6248.64990234375,2056860000,0.1965843277317969,-59.26432155070997
2017-10-31,6241.8798828125,6258.419921875,6229.14990234375,6248.56005859375,6248.56005859375,2043890000,-0.0014378105895551663,-59.26373584039011
2017-10-30,6209.7998046875,6250.85009765625,6202.52978515625,6227.58984375,6227.58984375,2013640000,-0.3356007567681063,-59.12656428079934
2017-10-27,6138.22998046875,6223.52001953125,6129.7998046875,6213.47021484375,6213.47021484375,2403600000,-0.22672702057314753,-59.03368256985143
2017-10-26,6056.0498046875,6066.60986328125,6035.9599609375,6037.8701171875,6037.8701171875,2108210000,-2.826119569009089,-57.8422542678624
2017-10-25,6069.35009765625,6087.580078125,6011.240234375,6055.0400390625,6055.0400390625,2190720000,0.28437050717808887,-57.96179851463488
2017-10-24,6078.02001953125,6090.89013671875,6057.68994140625,6080.22021484375,6080.22021484375,1842640000,0.4158548187758848,-58.13589242332997
2017-10-23,6122.240234375,6122.240234375,6061.080078125,6067.830078125,6067.830078125,1809320000,-0.20377776266230496,-58.05040848429328
2017-10-20,6114.4599609375,6122.56005859375,6102.16015625,6108.81982421875,6108.81982421875,1794810000,0.675525609089167,-58.331887256698444
2017-10-19,6074.27978515625,6092.8701171875,6051.47021484375,6092.6201171875,6092.6201171875,1823860000,-0.2651855431555772,-58.2210956422529
2017-10-18,6128.91015625,6129.490234375,6106.85009765625,6114.35009765625,6114.35009765625,1734030000,0.35666068211686053,-58.369575000025954
2017-10-17,6111.31982421875,6122.81982421875,6103.66015625,6122.60986328125,6122.60986328125,1647240000,0.13508820223044893,-58.42573692460506
2017-10-16,6108.66015625,6115.52978515625,6095.6298828125,6114.52978515625,6114.52978515625,1629480000,-0.13197114148099098,-58.370798392053636
2017-10-13,6094.72021484375,6100.06005859375,6087.02978515625,6092.4501953125,6092.4501953125,1756150000,-0.36110037271142037,-58.2199304050271
2017-10-12,6072.2099609375,6093.759765625,6063.47021484375,6069.990234375,6069.990234375,2000470000,-0.36865235196802404,-58.06533728463705
2017-10-11,6062.72998046875,6082.25,6052.43994140625,6081.25,6081.25,1830360000,0.18549890840409144,-58.142981596865376
2017-10-10,6078.27001953125,6084.14013671875,6036.72021484375,6063.52001953125,6063.52001953125,1799400000,-0.2915515801644397,-58.02058996356041
2017-10-09,6071.9599609375,6078.81005859375,6051.330078125,6058.52978515625,6058.52978515625,1490620000,-0.08229929742007425,-57.98601274723323
2017-10-06,6037.43994140625,6064.669921875,6037.02001953125,6064.56982421875,6064.56982421875,1742470000,0.09969479851859031,-58.02785679083953
2017-10-05,6018.27001953125,6059.2099609375,6014.77001953125,6057.14013671875,6057.14013671875,1875670000,-0.12250971982100678,-57.97637376407927
2017-10-04,5983.31005859375,6009.81005859375,5976.1201171875,5998.83984375,5998.83984375,1938440000,-0.9625052690349745,-57.56796317386891
2017-10-03,5986.85009765625,5999.18994140625,5976.64990234375,5995.06005859375,5995.06005859375,1969320000,-0.06300860257484331,-57.54121048392463
2017-10-02,5988.9599609375,6005.2001953125,5955.830078125,5981.919921875,5981.919921875,1977030000,-0.21918273695881174,-57.44794372234301
2017-09-29,5941.77978515625,5980.22021484375,5930.81982421875,5979.2998046875,5979.2998046875,1967720000,-0.04380060618863757,-57.429297496587765
2017-09-28,5920.64990234375,5939.22021484375,5908.6201171875,5933.06982421875,5933.06982421875,1828570000,-0.7731671262328654,-57.09759016740039
2017-09-27,5912.9599609375,5957.75,5900.35009765625,5937.7900390625,5937.7900390625,2053720000,0.07955771604915007,-57.131695211599045
2017-09-26,5893.18017578125,5908.47021484375,5862.990234375,5881.33984375,5881.33984375,1926420000,-0.9506936914430386,-56.72023723734294
2017-09-25,5904.06005859375,5908.56982421875,5839.89013671875,5867.35009765625,5867.35009765625,2050410000,-0.2378666505493121,-56.61704365216909
2017-09-22,5912.2001953125,5937.58984375,5911.47998046875,5932.31982421875,5932.31982421875,1639100000,1.1073095261258104,-57.09216618347372
2017-09-21,5965.60009765625,5965.60009765625,5915.740234375,5934.91015625,5934.91015625,1772790000,0.0436647400680501,-57.11089360030066
2017-09-20,5987.72021484375,5994.52978515625,5927.7001953125,5973.60986328125,5973.60986328125,2052520000,0.6520689616589248,-57.38874834650747
2017-09-19,5991.93017578125,5998.240234375,5971.169921875,5991.080078125,5991.080078125,1809710000,0.2924565755647368,-57.51300435901941
2017-09-18,5997.509765625,6012.9501953125,5963.169921875,5981.1201171875,5981.1201171875,1874440000,-0.16624649992355023,-57.44225359517505
2017-09-15,5965.66015625,6009.4501953125,5957.85009765625,5988.0,5988.0,2821110000,0.11502666185769783,-57.491150106201985
2017-09-14,5981.85009765625,5997.22998046875,5965.06005859375,5968.81982421875,5968.81982421875,1809170000,-0.32031021678774474,-57.354552380481806
2017-09-13,5982.85009765625,6004.47021484375,5974.8798828125,6004.3798828125,6004.3798828125,1942090000,0.5957636457623261,-57.60711378494052
2017-09-12,5998.75,6002.97021484375,5968.08984375,5995.64013671875,5995.64013671875,1745090000,-0.14555618172606977,-57.54531837139797
2017-09-11,5962.35009765625,5990.8701171875,5960.8701171875,5980.52978515625,5980.52978515625,1819300000,-0.252022323187151,-57.438052763178035
2017-09-08,5957.18994140625,5958.81005859375,5907.9599609375,5913.3701171875,5913.3701171875,1785560000,-1.1229718834515512,-56.954665762553766
2017-09-07,5960.43994140625,5980.14990234375,5943.89013671875,5964.31005859375,5964.31005859375,1998380000,0.8614367170793225,-57.322307079374404
2017-09-06,5949.5400390625,5964.3798828125,5909.919921875,5951.1298828125,5951.1298828125,1906030000,-0.22098408117229296,-57.22778729813813
2017-09-05,5966.64013671875,5980.91015625,5890.25,5932.72998046875,5932.72998046875,1886950000,-0.3091833434335056,-57.09513259459841
2017-09-01,6001.81982421875,6009.60986328125,5972.27001953125,5987.89990234375,5987.89990234375,1488040000,0.9299247067813043,-57.49043950042807
2017-08-31,5948.740234375,5995.4501953125,5945.9501953125,5988.60009765625,5988.60009765625,1885710000,0.011693503964993468,-57.495409776371176
2017-08-30,5870.8798828125,5940.56982421875,5865.33984375,5932.89990234375,5932.89990234375,1712070000,-0.9301037705673365,-57.096361416192586
2017-08-29,5785.2900390625,5871.7900390625,5785.22021484375,5862.14013671875,5862.14013671875,1637640000,-1.192667444078177,-56.578487168930195
2017-08-28,5839.27001953125,5852.7998046875,5821.8701171875,5838.080078125,5838.080078125,1558690000,-0.4104313106239932,-56.3995372180963
2017-08-25,5854.31005859375,5870.47021484375,5815.60009765625,5822.52978515625,5822.52978515625,1442900000,-0.2663597066271173,-56.283092992845596
2017-08-24,5863.990234375,5871.8701171875,5802.77001953125,5834.43994140625,5834.43994140625,1616780000,0.20455294673396018,-56.372334667873695
2017-08-23,5842.16015625,5864.77978515625,5840.7099609375,5851.77978515625,5851.77978515625,1533220000,0.2971980845486444,-56.501611046652556
2017-08-22,5817.2900390625,5879.0,5817.02001953125,5873.330078125,5873.330078125,1597700000,0.36826903540381206,-56.661214374431566
2017-08-21,5791.0400390625,5804.2998046875,5750.5,5786.5400390625,5786.5400390625,1576070000,-1.477697284301227,-56.011192967516045
2017-08-18,5803.89990234375,5831.080078125,5770.14013671875,5790.91015625,5790.91015625,1964590000,0.07552211093329042,-56.04438917268645
2017-08-17,5896.31982421875,5903.8701171875,5796.31982421875,5796.31982421875,5796.31982421875,2041220000,0.09341654114443099,-56.08541266123617
2017-08-16,5920.68017578125,5944.97998046875,5899.56005859375,5917.419921875,5917.419921875,1804730000,2.0892583799509756,-56.98412542549325
2017-08-15,5917.2900390625,5919.75,5893.85009765625,5907.72998046875,5907.72998046875,1580060000,-0.16375281007908749,-56.913570185909926
2017-08-14,5878.64013671875,5916.330078125,5878.0,5908.169921875,5908.169921875,1698560000,0.007446877357364379,-56.91677854057362
2017-08-11,5792.31982421875,5844.60986328125,5785.259765625,5831.52978515625,5831.52978515625,1794850000,-1.2971891081701936,-56.35056279537767
2017-08-10,5880.14013671875,5887.27001953125,5783.35986328125,5788.18994140625,5788.18994140625,2204700000,-0.7431985318898437,-56.023731815853154
2017-08-09,5879.5498046875,5920.9599609375,5866.169921875,5919.39013671875,5919.39013671875,2033760000,2.266687801206202,-56.998442865744046
2017-08-08,5922.64013671875,5972.93017578125,5910.5,5926.35009765625,5926.35009765625,1914670000,0.1175790204184457,-57.04894429629983
2017-08-07,5909.4501953125,5936.7900390625,5903.75,5934.72998046875,5934.72998046875,1701550000,0.14140040116452646,-57.1095915059715
2017-08-04,5899.68994140625,5912.56005859375,5877.06005859375,5899.91015625,5899.91015625,1907170000,-0.5867128636575236,-56.85646282352022
2017-08-03,5915.72998046875,5917.47021484375,5879.72021484375,5891.2001953125,5891.2001953125,2113440000,-0.14762870462142752,-56.792676411404784
2017-08-02,5934.06982421875,5936.14990234375,5859.6201171875,5914.22998046875,5914.22998046875,2104130000,0.3909183934128535,-56.96092407554839
2017-08-01,5900.64013671875,5905.2900390625,5880.4501953125,5895.169921875,5895.169921875,1812590000,-0.3222745591005771,-56.82177163044295
2017-07-31,5928.68017578125,5932.3701171875,5871.7900390625,5880.330078125,5880.330078125,1891710000,-0.2517288550909158,-56.712805270750046
2017-07-28,5883.7001953125,5918.31005859375,5868.919921875,5908.919921875,5908.919921875,1860770000,0.48619453959488634,-56.92224695384065
2017-07-27,5994.02001953125,5995.77001953125,5847.0498046875,5917.02978515625,5917.02978515625,2483560000,0.13724781158781507,-56.98128919299654
2017-07-26,5944.16015625,5954.3798828125,5939.169921875,5950.72998046875,5950.72998046875,1988040000,0.5695458116003138,-57.22491290992644
2017-07-25,5927.10009765625,5945.06005859375,5916.2900390625,5930.64990234375,5930.64990234375,1925230000,-0.3374389056620908,-57.08008441647028
2017-07-24,5920.93017578125,5950.580078125,5912.740234375,5941.3701171875,5941.3701171875,1735520000,0.18075952922989025,-57.15752627029455
2017-07-21,5905.60009765625,5921.52978515625,5890.25,5921.52978515625,5921.52978515625,1797100000,-0.33393529842308256,-57.01398077872779
2017-07-20,5929.580078125,5932.60986328125,5896.60986328125,5921.22021484375,5921.22021484375,1818880000,-0.005227877317715013,-57.011733404889185
2017-07-19,5898.39990234375,5922.3701171875,5895.5400390625,5916.16015625,5916.16015625,1862910000,-0.08545634869422392,-56.97496578162171
2017-07-18,5832.919921875,5880.5498046875,5818.2001953125,5880.10009765625,5880.10009765625,1762400000,-0.6095179582935262,-56.711112236759234
2017-07-17,5845.81982421875,5860.64013671875,5830.25,5839.740234375,5839.740234375,1558030000,-0.6863805481362006,-56.41193221819651
2017-07-14,5815.0400390625,5844.7998046875,5799.85009765625,5838.080078125,5838.080078125,1608120000,-0.0284285975637677,-56.3995372180963
2017-07-13,5785.31982421875,5806.18017578125,5776.6201171875,5793.35986328125,5793.35986328125,1803810000,-0.7660089317944485,-56.062975687497826
2017-07-12,5757.2001953125,5785.0,5749.64990234375,5778.9501953125,5778.9501953125,1820550000,-0.24872730693080713,-55.95341981480808
2017-07-11,5687.02978515625,5717.91015625,5667.27001953125,5709.7998046875,5709.7998046875,1808110000,-1.1965908735654174,-55.419979356352634
2017-07-10,5662.7099609375,5708.6201171875,5650.259765625,5694.14990234375,5694.14990234375,1675470000,-0.2740884598248505,-55.29745483881783
2017-07-07,5618.85009765625,5673.02001953125,5618.85009765625,5656.47021484375,5656.47021484375,1700630000,-0.6617263006105767,-54.999675858614275
2017-07-06,5606.419921875,5628.83984375,5579.64013671875,5597.89990234375,5597.89990234375,1990590000,-1.0354569241131872,-54.52884160049209
2017-07-05,5611.0,5663.60009765625,5593.66015625,5648.81982421875,5648.81982421875,1872130000,0.909625444600759,-54.9387303746643
2017-07-03,5680.35986328125,5684.97998046875,5592.52978515625,5596.9599609375,5596.9599609375,1091020000,-0.918065452519945,-54.52120527204448
2017-06-30,5676.39990234375,5681.89990234375,5637.740234375,5646.919921875,5646.919921875,1998330000,0.8926267346234695,-54.923569541332505
2017-06-29,5723.31005859375,5723.66015625,5599.43994140625,5653.02001953125,5653.02001953125,2402250000,0.10802521977724133,-54.9722109094584
2017-06-28,5693.47998046875,5757.22998046875,5660.52978515625,5753.02978515625,5753.02978515625,2069400000,1.76913871310318,-55.754966918331505
2017-06-27,5752.72021484375,5761.0400390625,5671.60009765625,5671.60009765625,5671.60009765625,2181830000,-1.4154226649426005,-55.11972128125699
2017-06-26,5832.31005859375,5845.14990234375,5765.8701171875,5777.58984375,5777.58984375,2150630000,1.8687803136463899,-55.94304891001938
2017-06-23,5775.02978515625,5810.31005859375,5759.7001953125,5803.10986328125,5803.10986328125,2704600000,0.44170701315631167,-56.136795759345425
2017-06-22,5787.43994140625,5802.4599609375,5767.8701171875,5779.8701171875,5779.8701171875,2170250000,-0.4004705518466545,-55.96043025134209
2017-06-21,5740.580078125,5784.919921875,5737.009765625,5782.39013671875,5782.39013671875,2401440000,0.043599933565219295,-55.97962310642285
2017-06-20,5763.0,5772.169921875,5725.009765625,5726.31005859375,5726.31005859375,2570130000,-0.9698425183884751,-55.54851369215372
2017-06-19,5729.5400390625,5776.3701171875,5724.490234375,5772.22021484375,5772.22021484375,1976970000,0.8017406633631374,-55.90206477059143
2017-06-16,5694.2099609375,5695.740234375,5656.6201171875,5681.47998046875,5681.47998046875,3120640000,-1.5720161566541435,-55.197766420174645
2017-06-15,5661.35986328125,5707.3701171875,5634.580078125,5700.89013671875,5700.89013671875,1858130000,0.34163908553275224,-55.350307222273656
2017-06-14,5774.1201171875,5774.2001953125,5682.35009765625,5727.06982421875,5727.06982421875,1940440000,0.45922104920739226,-55.5544107236748
2017-06-13,5740.2099609375,5760.5400390625,5709.169921875,5751.81982421875,5751.81982421875,2062110000,0.43215816743382707,-55.74565947071608
2017-06-12,5677.16015625,5716.2001953125,5633.33984375,5708.18017578125,5708.18017578125,2586540000,-0.7587102825048486,-55.40733030046228
2017-06-09,5891.669921875,5897.68994140625,5657.759765625,5741.93994140625,5741.93994140625,3152050000,0.5914278208707602,-55.66951313292164
2017-06-08,5894.75,5895.18017578125,5852.64990234375,5885.2998046875,5885.2998046875,2128780000,2.4967147818362623,-56.74935829754584
2017-06-07,5871.77001953125,5883.18994140625,5845.9599609375,5877.58984375,5877.58984375,1822270000,-0.13100370742981093,-56.69262402943384
2017-06-06,5869.47998046875,5890.8798828125,5848.31982421875,5856.77001953125,5856.77001953125,1889690000,-0.35422383616796616,-56.53867365199445
2017-06-05,5881.22021484375,5888.919921875,5871.08984375,5878.1201171875,5878.1201171875,1739820000,0.36453706710442013,-56.696530848394175
2017-06-02,5834.41015625,5881.4599609375,5825.740234375,5881.4599609375,5881.4599609375,1820000000,0.05681822901566491,-56.721121140899754
2017-06-01,5804.169921875,5816.60009765625,5779.89013671875,5816.509765625,5816.509765625,1943610000,-1.1043209635681506,-56.23784650575392
2017-05-31,5812.97021484375,5813.259765625,5762.56005859375,5788.7998046875,5788.7998046875,2209400000,-0.47640186390235373,-56.028364816149725
2017-05-30,5785.3798828125,5799.990234375,5781.3701171875,5794.6298828125,5794.6298828125,1688480000,0.10071307216876768,-56.07260544473003
2017-05-26,5782.169921875,5790.2001953125,5771.7099609375,5788.35986328125,5788.35986328125,1571040000,-0.10820396915853792,-56.025022773934865
2017-05-25,5748.2900390625,5793.1298828125,5738.81982421875,5778.3701171875,5778.3701171875,1767690000,-0.17258336263991092,-55.948998073533595
2017-05-24,5720.830078125,5732.56982421875,5705.169921875,5730.2998046875,5730.2998046875,1666050000,-0.8319008911702785,-55.579463232300476
2017-05-23,5714.93994140625,5716.5498046875,5690.2001953125,5703.35009765625,5703.35009765625,1705860000,-0.47030186813619146,-55.369565464924705
2017-05-22,5662.9501953125,5701.0498046875,5661.58984375,5699.39990234375,5699.39990234375,1726230000,-0.06926096495677436,-55.33863257088041
2017-05-19,5640.7099609375,5673.6298828125,5640.68017578125,5651.56005859375,5651.56005859375,1905520000,-0.8393838749642168,-54.96057893306734
2017-05-18,5569.81005859375,5645.080078125,5568.47021484375,5626.31005859375,5626.31005859375,2131520000,-0.4467792917038027,-54.7584490521869
2017-05-17,5673.6201171875,5688.740234375,5578.16015625,5580.5498046875,5580.5498046875,2347480000,-0.8133262018923837,-54.38747039758452
2017-05-16,5715.14990234375,5724.7099609375,5699.41015625,5724.43994140625,5724.43994140625,1999330000,2.57842222997251,-55.533991836844706
2017-05-15,5687.97021484375,5706.60986328125,5683.10009765625,5704.47998046875,5704.47998046875,1850790000,-0.34867971612602133,-55.37840538741865
2017-05-12,5683.580078125,5687.419921875,5672.0400390625,5686.81005859375,5686.81005859375,1740960000,-0.309755173749382,-55.23975822273084
2017-05-11,5662.58984375,5675.5,5637.39990234375,5674.22021484375,5674.22021484375,1950910000,-0.2213867461772323,-55.14044511381873
2017-05-10,5681.330078125,5683.64013671875,5661.43994140625,5681.68017578125,5681.68017578125,2108000000,0.13147112122975368,-55.199345037216574
2017-05-09,5667.97998046875,5691.2099609375,5664.0,5678.31005859375,5678.31005859375,1997490000,-0.05931550321796042,-55.17275553158139
2017-05-08,5649.18017578125,5659.06982421875,5638.0,5659.06982421875,5659.06982421875,1909710000,-0.33883733322876974,-55.02034767715508
2017-05-05,5640.77978515625,5646.08984375,5619.60009765625,5646.08984375,5646.08984375,1899570000,-0.22936597129797898,-54.91694248439358
2017-05-04,5623.56982421875,5633.490234375,5606.0498046875,5626.31982421875,5626.31982421875,2056270000,-0.35015417888071276,-54.75852757812121
2017-05-03,5624.8798828125,5629.77978515625,5608.16015625,5625.16015625,5625.16015625,2149360000,-0.02061148326047979,-54.749200717201795
2017-05-02,5642.41015625,5645.080078125,5625.490234375,5644.06982421875,5644.06982421875,2146730000,0.33616230371218414,-54.90080720266492
2017-05-01,5602.43994140625,5640.47998046875,5600.31005859375,5629.6298828125,5629.6298828125,1757000000,-0.25584271378585877,-54.785128247739145
2017-04-28,5598.47021484375,5600.0,5575.2099609375,5583.52978515625,5583.52978515625,1995160000,-0.8188832768028953,-54.41181421817394
2017-04-27,5555.27001953125,5573.259765625,5551.5498046875,5571.27978515625,5571.27978515625,1876700000,-0.21939526556420397,-54.31157597896088
2017-04-26,5553.60009765625,5563.97021484375,5537.990234375,5541.08984375,5541.08984375,1894210000,-0.5418852143574959,-54.06264826202539
2017-04-25,5523.47998046875,5557.93017578125,5521.52001953125,5548.18994140625,5548.18994140625,1895430000,0.12813540037179827,-54.121434945043404
2017-04-24,5503.27001953125,5513.56982421875,5494.4599609375,5508.02978515625,5508.02978515625,1836570000,-0.7238424905081975,-53.78692507254812
2017-04-21,5447.27978515625,5450.81005859375,5430.22021484375,5442.0498046875,5442.0498046875,1723210000,-1.1978871400906588,-53.22663292334951
2017-04-20,5422.47021484375,5455.8798828125,5413.31982421875,5443.52978515625,5443.52978515625,1749110000,0.02719527607915051,-53.23934961131913
2017-04-19,5416.2998046875,5431.0,5392.27978515625,5399.64013671875,5399.64013671875,1752620000,-0.8062718524509793,-52.85926715132112
2017-04-18,5383.740234375,5405.5400390625,5377.91015625,5391.66015625,5391.66015625,1608870000,-0.1477872648305678,-52.78949603880414
2017-04-17,5369.2099609375,5399.2001953125,5367.58984375,5399.2001953125,5399.2001953125,1381290000,0.13984633385617506,-52.85542599715922
2017-04-13,5370.68994140625,5398.990234375,5353.58984375,5353.58984375,5353.58984375,1581870000,-0.8447612593083353,-52.45377389879309
2017-04-12,5394.60986328125,5399.5498046875,5370.240234375,5377.02978515625,5377.02978515625,1658960000,0.43783595849455903,-52.66104088417918
2017-04-11,5413.91015625,5422.7900390625,5359.14013671875,5398.39990234375,5398.39990234375,1821650000,0.3974334910045396,-52.84843698712446
2017-04-10,5423.56982421875,5442.7099609375,5406.580078125,5421.68017578125,5421.68017578125,1630070000,0.431243958555072,-53.05090213526225
2017-04-07,5420.93994140625,5434.18017578125,5400.080078125,5418.3701171875,5418.3701171875,1692150000,-0.06105226583700274,-53.022221136826374
2017-04-06,5423.64990234375,5435.06005859375,5407.8701171875,5420.8798828125,5420.8798828125,1845800000,0.0463195678906958,-53.0439709665733
2017-04-05,5447.27001953125,5479.85986328125,5409.0400390625,5418.52001953125,5418.52001953125,2204490000,-0.04353284581589678,-53.02352076829961
2017-04-04,5415.52978515625,5441.33984375,5415.2998046875,5440.41015625,5440.41015625,1790840000,0.4039873736711552,-53.21253621445419
2017-04-03,5440.2001953125,5453.43994140625,5403.31005859375,5432.2001953125,5432.2001953125,1854200000,-0.15090702174482828,-53.141823936512836
2017-03-31,5430.990234375,5451.5,5427.5,5436.22998046875,5436.22998046875,1902800000,0.07418329611135199,-53.17655910831903
2017-03-30,5430.31005859375,5446.509765625,5425.2998046875,5439.740234375,5439.740234375,1723770000,0.06457147543170727,-53.20677418463011
2017-03-29,5410.14013671875,5433.35986328125,5405.10009765625,5430.27001953125,5430.27001953125,1718680000,-0.17409314481425797,-53.125168316025096
2017-03-28,5371.89990234375,5422.25,5363.2900390625,5407.2099609375,5407.2099609375,1820860000,-0.42465767836238344,-52.92526182579935
2017-03-27,5320.9599609375,5383.22021484375,5316.02001953125,5374.27001953125,5374.27001953125,1670760000,-0.6091855438241423,-52.63673164187905
2017-03-24,5376.740234375,5392.27978515625,5345.93994140625,5364.0,5364.0,1841920000,-0.19109608363417907,-52.54604899998835
2017-03-23,5356.7099609375,5375.43017578125,5346.2998046875,5355.14013671875,5355.14013671875,1742640000,-0.16517269353560904,-52.46753835278186
2017-03-22,5332.64013671875,5372.27001953125,5327.25,5367.5498046875,5367.5498046875,1857680000,0.23173376703367055,-52.57743245497802
2017-03-21,5433.27978515625,5439.580078125,5328.7099609375,5332.52978515625,5332.52978515625,2192090000,-0.6524395824081042,-52.26599692464651
2017-03-20,5406.02001953125,5426.47021484375,5400.16015625,5413.31005859375,5413.31005859375,1730550000,1.5148583635174795,-52.97830894427157
2017-03-17,5413.47021484375,5423.27978515625,5406.81005859375,5408.759765625,5408.759765625,3184130000,-0.08405749752918856,-52.93875043558175
2017-03-16,5421.4599609375,5423.66015625,5399.27001953125,5412.080078125,5412.080078125,1766980000,0.06138768671335448,-52.967622524120486
2017-03-15,5392.47998046875,5426.83984375,5375.8798828125,5416.25,5416.25,1952690000,0.07704841419207131,-53.00383232604431
2017-03-14,5382.7900390625,5384.8798828125,5360.7001953125,5382.169921875,5382.169921875,1663170000,-0.6292190745441961,-52.706251036498905
2017-03-13,5387.72998046875,5396.39013671875,5382.02001953125,5394.56982421875,5394.56982421875,1799340000,0.23038853331911469,-52.81495995819725
2017-03-10,5390.4599609375,5394.66015625,5364.10009765625,5385.89990234375,5385.89990234375,1982150000,-0.16071572261566747,-52.73900410713268
2017-03-09,5355.77978515625,5370.66015625,5336.080078125,5363.97998046875,5363.97998046875,1883930000,-0.40698717526223005,-52.54587189159897
2017-03-08,5351.35009765625,5375.77001953125,5348.72998046875,5359.81005859375,5359.81005859375,1810480000,-0.07773932583983179,-52.508952671571585
2017-03-07,5348.2001953125,5373.259765625,5341.43017578125,5351.27978515625,5351.27978515625,1822000000,-0.15915253235182503,-52.433248982770166
2017-03-06,5352.60986328125,5368.27001953125,5338.60986328125,5360.31005859375,5360.31005859375,1767840000,0.16874979070518048,-52.51338255032946
2017-03-03,5355.2099609375,5373.47998046875,5344.47998046875,5373.47998046875,5373.47998046875,1852130000,0.2456932851092386,-52.62976802942183
2017-03-02,5386.33984375,5387.72998046875,5355.52978515625,5363.259765625,5363.259765625,2040770000,-0.19019731870032475,-52.539499429895756
2017-03-01,5368.64990234375,5398.43017578125,5355.3798828125,5390.990234375,5390.990234375,2210360000,0.517045042787867,-52.78362933380962
2017-02-28,5344.18017578125,5347.47021484375,5316.7001953125,5330.31005859375,5330.31005859375,2298380000,-1.125584969424176,-52.246118824987
2017-02-27,5330.56005859375,5347.8798828125,5322.14013671875,5347.5498046875,5347.5498046875,1876090000,0.3234285792804048,-52.400070600382655
2017-02-24,5305.22998046875,5343.31005859375,5304.009765625,5343.31005859375,5343.31005859375,1683280000,-0.07928390101263894,-52.36230157471846
2017-02-23,5358.02978515625,5358.52978515625,5309.990234375,5332.3701171875,5332.3701171875,1879670000,-0.20474090566118264,-52.26456761813856
2017-02-22,5345.18017578125,5354.72998046875,5335.7998046875,5352.1298828125,5352.1298828125,1872330000,0.3705625301835269,-52.440804177513286
2017-02-21,5334.56982421875,5353.16015625,5330.47021484375,5350.72998046875,5350.72998046875,1935110000,-0.02615598601680702,-52.42836134635909
2017-02-17,5295.490234375,5324.72021484375,5291.7001953125,5324.72021484375,5324.72021484375,1875580000,-0.48609751790766875,-52.19598722680834
2017-02-16,5306.3798828125,5316.7900390625,5287.5400390625,5300.64013671875,5300.64013671875,1943600000,-0.4522318009849924,-51.97882018045617
2017-02-15,5266.1201171875,5304.33984375,5264.43994140625,5302.39013671875,5302.39013671875,2083660000,0.03301488037035227,-51.99466908302979
2017-02-14,5251.35986328125,5271.10009765625,5238.68994140625,5271.06982421875,5271.06982421875,1945160000,-0.590682912656848,-51.709424907534874
2017-02-13,5242.490234375,5262.419921875,5241.0,5256.81982421875,5256.81982421875,1840010000,-0.27034360149292835,-51.57852053605589
2017-02-10,5219.81005859375,5234.27001953125,5212.83984375,5226.68994140625,5226.68994140625,1852010000,-0.5731579894309502,-51.299389093745006
2017-02-09,5200.169921875,5221.6201171875,5196.06982421875,5212.16015625,5212.16015625,1943840000,-0.2779921005289343,-51.1636278369468
2017-02-08,5176.5,5201.56982421875,5168.97998046875,5196.580078125,5196.580078125,1945060000,-0.2989178700949502,-51.01720952293971
2017-02-07,5178.85009765625,5196.27001953125,5174.33984375,5185.8798828125,5185.8798828125,1919100000,-0.20590840806133937,-50.9161417317645
2017-02-06,5154.18017578125,5167.9599609375,5148.06005859375,5167.9599609375,5167.9599609375,1732280000,-0.3455521971187925,-50.74594325651726
2017-02-03,5153.60986328125,5165.47021484375,5147.580078125,5161.60009765625,5161.60009765625,1786860000,-0.12306332342590931,-50.68525489224864
2017-02-02,5141.27001953125,5162.56005859375,5128.759765625,5147.7001953125,5147.7001953125,2073980000,-0.2692944451481494,-50.55209442930465
2017-02-01,5157.830078125,5162.4599609375,5128.89990234375,5152.68994140625,5152.68994140625,2223560000,0.09693155981176371,-50.59997864055571
2017-01-31,5107.47021484375,5116.7998046875,5086.330078125,5116.77001953125,5116.77001953125,2041480000,-0.6971100975114553,-50.25318859506191
2017-01-30,5146.41015625,5146.8798828125,5098.33984375,5129.330078125,5129.330078125,1777090000,0.24546849957700623,-50.37500233225205
2017-01-27,5169.490234375,5172.43017578125,5150.18017578125,5168.06005859375,5168.06005859375,1663400000,0.7550689832561464,-50.746897234525434
2017-01-26,5164.1201171875,5168.2001953125,5148.85009765625,5156.919921875,5156.919921875,1827490000,-0.21555741598291434,-50.6404991699942
2017-01-25,5132.8701171875,5153.18017578125,5129.0,5151.47021484375,5151.47021484375,1959950000,-0.10567755780215293,-50.5882820732211
2017-01-24,5079.60986328125,5108.22021484375,5068.3701171875,5101.06005859375,5101.06005859375,1805370000,-0.9785586278795777,-50.09998113328734
2017-01-23,5055.97021484375,5073.240234375,5035.490234375,5065.7001953125,5065.7001953125,1650290000,-0.6931865705380069,-49.751666433082335
2017-01-20,5070.14990234375,5085.33984375,5050.02001953125,5063.2001953125,5063.2001953125,1740320000,-0.04935151911108493,-49.72685587275062
2017-01-19,5061.10009765625,5078.41015625,5041.2099609375,5051.169921875,5051.169921875,1805710000,-0.23760216806433254,-49.60712130041037
2017-01-18,5050.259765625,5058.2001953125,5039.18017578125,5055.85009765625,5055.85009765625,1683320000,0.09265528290747227,-49.653769742488706
2017-01-17,5043.06982421875,5053.2001953125,5029.60986328125,5044.64990234375,5044.64990234375,1757030000,-0.22152941832060957,-49.54199040734194
2017-01-13,5047.56005859375,5066.9501953125,5045.919921875,5059.509765625,5059.509765625,1605110000,0.2945667899440618,-49.690186410260075
2017-01-12,5029.27978515625,5044.3701171875,4995.06982421875,5041.43017578125,5041.43017578125,1801750000,-0.35733876761312455,-49.50976522755926
2017-01-11,5033.8798828125,5050.2099609375,5012.64990234375,5050.2099609375,5050.2099609375,1954720000,0.17415266799543083,-49.597542452114176
2017-01-10,5027.5,5049.830078125,5016.18994140625,5035.169921875,5035.169921875,1796500000,-0.2978101738112304,-49.44699044649607
2017-01-09,5013.81982421875,5033.31982421875,5009.4501953125,5024.89990234375,5024.89990234375,1885500000,-0.20396569908460727,-49.34366890665092
2017-01-06,4973.8701171875,5020.7001953125,4957.81982421875,5007.080078125,5007.080078125,1710770000,-0.3546304317512572,-49.16338680579258
2017-01-05,4936.35009765625,4967.89990234375,4935.33984375,4964.9501953125,4964.9501953125,1792610000,-0.8414062119069698,-48.73201479354593
2017-01-04,4920.7900390625,4944.740234375,4919.7998046875,4937.2099609375,4937.2099609375,1883360000,-0.5587213020019854,-48.44396021680863
2017-01-03,4900.85009765625,4928.490234375,4884.52001953125,4911.330078125,4911.330078125,1886200000,-0.5241803167630676,-48.17228956005346
2016-12-30,4925.35986328125,4927.16015625,4853.93017578125,4863.6201171875,4863.6201171875,1550820000,-0.9714264807816453,-47.66388265717229
2016-12-29,4923.93017578125,4933.7099609375,4903.27978515625,4918.27978515625,4918.27978515625,1264480000,1.1238473945690997,-48.24552398741263
2016-12-28,4976.419921875,4978.43017578125,4922.08984375,4926.2900390625,4926.2900390625,1322130000,0.16286698309488923,-48.3296778822013
2016-12-27,4948.919921875,4992.080078125,4947.58984375,4965.81005859375,4965.81005859375,1216870000,0.8022268120204012,-48.74089218866627
2016-12-23,4927.52978515625,4940.0400390625,4922.9501953125,4940.02001953125,4940.02001953125,1144280000,-0.5193521048568517,-48.47328712076441
2016-12-22,4948.35986328125,4948.35986328125,4917.330078125,4934.39013671875,4934.39013671875,1582600000,-0.11396477727299015,-48.41449781809766
2016-12-21,4952.06982421875,4957.4501953125,4938.240234375,4948.91015625,4948.91015625,1493900000,0.2942616844014978,-48.56584881772423
2016-12-20,4948.33984375,4961.5498046875,4944.31982421875,4953.7998046875,4953.7998046875,1678040000,0.09880252991307792,-48.616616900181775
2016-12-19,4919.16015625,4963.0,4911.75,4934.85009765625,4934.85009765625,1685800000,-0.3825287209490935,-48.41930593090259
2016-12-16,4945.0400390625,4952.14013671875,4904.3798828125,4914.85986328125,4914.85986328125,3257750000,-0.4050829099042752,-48.209511513086156
2016-12-15,4925.64990234375,4959.89990234375,4919.81005859375,4933.41015625,4933.41015625,2095910000,0.3774327953343759,-48.40425079159716
2016-12-14,4943.64013671875,4955.25,4910.759765625,4921.22021484375,4921.22021484375,1974150000,-0.24708955915223596,-48.27644729323614
2016-12-13,4893.64990234375,4960.47998046875,4890.14990234375,4935.83984375,4935.83984375,2085710000,0.29707325151093755,-48.42964901173259
2016-12-12,4878.0400390625,4882.97998046875,4854.27001953125,4874.2998046875,4874.2998046875,1927560000,-1.2467997546643406,-47.77855212777957
2016-12-09,4878.5400390625,4897.240234375,4877.18017578125,4895.89990234375,4895.89990234375,2038700000,0.4431425747648543,-48.008946620373415
2016-12-08,4849.75,4869.56005859375,4843.0400390625,4859.18994140625,4859.18994140625,2231070000,-0.7498102834971432,-47.6161672555657
2016-12-07,4778.85986328125,4854.31982421875,4765.43994140625,4851.93994140625,4851.93994140625,2122590000,-0.14920182350192102,-47.53789283502803
2016-12-06,4786.06005859375,4796.580078125,4769.39013671875,4788.669921875,4788.669921875,1974850000,-1.3040148949764685,-46.84474033148721
2016-12-05,4762.33984375,4795.27978515625,4743.52978515625,4778.14013671875,4778.14013671875,1798160000,-0.21988955864652437,-46.727599885996106
2016-12-02,4734.3798828125,4759.02978515625,4721.41015625,4739.3701171875,4739.3701171875,1848930000,-0.8114039861098377,-46.29180948730867
2016-12-01,4806.77001953125,4810.43994140625,4723.56982421875,4734.10009765625,4734.10009765625,2264960000,-0.11119662319973855,-46.23202131064335
2016-11-30,4876.2998046875,4880.759765625,4810.81005859375,4810.81005859375,4810.81005859375,2064430000,1.6203704897468807,-47.089369552356
2016-11-29,4859.85009765625,4896.56982421875,4848.89013671875,4873.2099609375,4873.2099609375,1788790000,1.2970768245626818,-47.76687333309687
2016-11-28,4861.72998046875,4878.8701171875,4852.7099609375,4857.02001953125,4857.02001953125,1625620000,-0.3322233504409744,-47.59276425864343
2016-11-25,4861.47021484375,4870.89990234375,4853.0400390625,4870.02001953125,4870.02001953125,768070000,0.2676538278146623,-47.73265979539796
2016-11-23,4856.72021484375,4859.669921875,4832.58984375,4853.85986328125,4853.85986328125,1616740000,-0.33182935973957717,-47.5586439794763
2016-11-22,4876.919921875,4884.6298828125,4861.080078125,4873.83984375,4873.83984375,1886800000,0.4116307646188089,-47.77362381111531
2016-11-21,4822.02978515625,4862.22998046875,4819.56982421875,4859.0,4859.0,1745320000,-0.3044795115504262,-47.61411953816371
2016-11-18,4832.81005859375,4840.81005859375,4804.43994140625,4808.0400390625,4808.0400390625,1858610000,-1.04877466428277,-47.058886553346014
2016-11-17,4789.7900390625,4826.75,4781.72021484375,4826.58984375,4826.58984375,2081760000,0.38580803272838526,-47.262352633159246
2016-11-16,4745.02978515625,4794.56982421875,4742.9501953125,4792.27001953125,4792.27001953125,2057140000,-0.7110573993187153,-46.88467216441191
2016-11-15,4733.56982421875,4778.64990234375,4727.97998046875,4764.47021484375,4764.47021484375,2156500000,-0.5800967928393019,-46.574754025949936
2016-11-14,4752.60986328125,4753.27001953125,4677.41015625,4702.0400390625,4702.0400390625,2369190000,-1.3103277587243167,-45.865413512128725
2016-11-11,4729.14013671875,4759.830078125,4711.9599609375,4751.9501953125,4751.9501953125,2285050000,1.0614574915434272,-46.43399389683142
2016-11-10,4849.7099609375,4855.7900390625,4685.740234375,4747.02978515625,4747.02978515625,2984360000,-0.1035450700031304,-46.37847144755505
2016-11-09,4748.91015625,4832.9501953125,4747.35009765625,4825.18017578125,4825.18017578125,2824560000,1.646300827295688,-47.24694542150456
2016-11-08,4766.47998046875,4824.97021484375,4757.25,4804.919921875,4804.919921875,1736100000,-0.4198859559263912,-47.02450877376258
2016-11-07,4737.97998046875,4777.06005859375,4731.7900390625,4773.72998046875,4773.72998046875,1914310000,-0.649125103297854,-46.678384783911056
2016-11-04,4647.58984375,4697.93994140625,4647.58984375,4660.4599609375,4660.4599609375,2015130000,-2.3727781000325354,-45.38243106955938
2016-11-03,4718.52978515625,4732.2001953125,4673.0498046875,4679.10009765625,4679.10009765625,2107720000,0.39996345586026383,-45.60001114497155
2016-11-02,4764.830078125,4773.64990234375,4717.56005859375,4726.91015625,4726.91015625,2105870000,1.0217789232100039,-46.15023667680642
2016-11-01,4810.2998046875,4811.02001953125,4726.35009765625,4766.93994140625,4766.93994140625,1878650000,0.8468488681411035,-46.602433365465856
2016-10-31,4821.31005859375,4823.919921875,4801.16015625,4801.27001953125,4801.27001953125,1707260000,0.7201701415787687,-46.98423706048642
2016-10-28,4820.5,4848.5498046875,4794.06982421875,4805.58984375,4805.58984375,1895970000,0.0899725322920153,-47.03189380693544
2016-10-27,4883.06982421875,4885.830078125,4831.68994140625,4836.4501953125,4836.4501953125,1918690000,0.6421761441550489,-47.36987193401346
2016-10-26,4863.52001953125,4886.31982421875,4846.43994140625,4860.58984375,4860.58984375,1725900000,0.4991191361982006,-47.63125436486537
2016-10-25,4908.18017578125,4911.759765625,4885.89990234375,4891.4501953125,4891.4501953125,1579490000,0.6349096005741295,-47.961650839664635
2016-10-24,4884.16015625,4911.58984375,4880.77001953125,4909.97021484375,4909.97021484375,1531970000,0.378620220829351,-48.157935379214344
2016-10-21,4836.5400390625,4853.60986328125,4822.77978515625,4851.85986328125,4851.85986328125,1649470000,-1.183517394602962,-47.53702696765063
2016-10-20,4831.31005859375,4842.31982421875,4805.83984375,4832.7099609375,4832.7099609375,1741820000,-0.39469199200652394,-47.32913929834027
2016-10-19,4833.81005859375,4845.06982421875,4830.68017578125,4836.60986328125,4836.60986328125,1546960000,0.08069804261527924,-47.37160937943099
2016-10-18,4849.91015625,4860.68017578125,4837.31005859375,4839.72021484375,4839.72021484375,1474430000,0.06430850637992869,-47.405432160445585
2016-10-17,4808.47021484375,4814.8798828125,4790.4501953125,4796.169921875,4796.169921875,1424270000,-0.8998514590818352,-46.92786175003736
2016-10-14,4828.89990234375,4845.990234375,4806.72998046875,4808.47998046875,4808.47998046875,1594480000,0.256664354980507,-47.063730285251474
2016-10-13,4785.58984375,4816.330078125,4760.06982421875,4803.10009765625,4803.10009765625,1735310000,-0.11188323200579386,-47.004437136700346
2016-10-12,4824.27001953125,4836.5498046875,4806.330078125,4819.64013671875,4819.64013671875,1565940000,0.3443617398390497,-47.186307287797334
2016-10-11,4890.169921875,4890.169921875,4804.240234375,4821.91015625,4821.91015625,1821680000,0.04709935735565107,-47.21117048725342
2016-10-10,4887.72998046875,4904.72021484375,4885.58984375,4893.77001953125,4893.77001953125,1364150000,1.49027793867349,-47.986318901752576
2016-10-07,4883.93994140625,4884.7001953125,4840.93017578125,4864.52001953125,4864.52001953125,1646650000,-0.5976987043376014,-47.67356447459116
2016-10-06,4871.9501953125,4883.97021484375,4851.52978515625,4873.919921875,4873.919921875,1654020000,0.19323391220529285,-47.774481886411536
2016-10-05,4872.97998046875,4891.35009765625,4870.81005859375,4877.75,4877.75,1753340000,0.07858311557007447,-47.81549010013582
2016-10-04,4880.56982421875,4891.5,4841.72021484375,4859.47021484375,4859.47021484375,1708990000,-0.3747585496642891,-47.61918853077135
2016-10-03,4864.6298828125,4872.14013671875,4848.2099609375,4866.6298828125,4866.6298828125,1604060000,0.14733433177303024,-47.69624991145655
2016-09-30,4856.10009765625,4889.22998046875,4846.89990234375,4875.7001953125,4875.7001953125,2059800000,0.1863776929499794,-47.79355108651261
2016-09-29,4868.4599609375,4875.52001953125,4819.02001953125,4838.2998046875,4838.2998046875,1941170000,-0.7670773248313445,-47.38999164180502
2016-09-28,4871.83984375,4877.2998046875,4850.0400390625,4875.27001953125,4875.27001953125,1785470000,0.7641158327545527,-47.78894458269689
2016-09-27,4813.89013671875,4868.3798828125,4811.27978515625,4866.7099609375,4866.7099609375,1751060000,-0.1755812203110163,-47.69711053110949
2016-09-26,4830.169921875,4837.33984375,4812.31982421875,4817.169921875,4817.169921875,1669520000,-1.0179369524818904,-47.159224753901555
2016-09-23,4881.4501953125,4882.419921875,4853.41015625,4858.91015625,4858.91015625,1761330000,0.8664887278618805,-47.613150896267406
2016-09-22,4879.27978515625,4895.5,4876.3701171875,4891.35986328125,4891.35986328125,1882100000,0.6678392064835892,-47.960689812483245
2016-09-21,4826.580078125,4858.56982421875,4797.89990234375,4853.75,4853.75,1999690000,-0.7689040334893815,-47.557456983968585
2016-09-20,4813.77978515625,4824.2099609375,4797.77978515625,4805.22021484375,4805.22021484375,1695190000,-0.9998410539531322,-47.02781937490468
2016-09-19,4833.83984375,4843.759765625,4787.43994140625,4796.06982421875,4796.06982421875,1791120000,-0.1904260411777492,-46.92675409380096
2016-09-16,4811.7900390625,4821.85009765625,4794.2001953125,4818.0498046875,4818.0498046875,3013860000,0.45829150271661234,-47.16887465206013
2016-09-15,4749.7099609375,4826.02001953125,4748.669921875,4819.89990234375,4819.89990234375,1950940000,0.038399305346525914,-47.18915365020608
2016-09-14,4726.75,4770.39013671875,4726.75,4746.06005859375,4746.06005859375,1902680000,-1.5319787805986196,-46.36751536610703
2016-09-13,4740.0,4756.2001953125,4701.7900390625,4722.85009765625,4722.85009765625,2071460000,-0.48903639336533855,-46.10394403786362
2016-09-12,4656.58984375,4772.4501953125,4656.509765625,4764.64990234375,4764.64990234375,2007610000,0.8850546560485562,-46.57676883272121
2016-09-09,4763.0400390625,4773.77001953125,4681.5400390625,4681.5400390625,4681.5400390625,2208690000,-1.744301574820173,-45.62836352136894
2016-09-08,4816.47998046875,4816.47998046875,4791.22021484375,4804.0,4804.0,1839790000,2.6158050538007016,-47.01436445377551
2016-09-07,4829.91015625,4839.58984375,4813.990234375,4831.85986328125,4831.85986328125,1878460000,0.5799305429069479,-47.319872602595346
2016-09-06,4806.66015625,4829.509765625,4797.33984375,4829.509765625,4829.509765625,1777940000,-0.0486375375682746,-47.29423781771328
2016-09-02,4806.14013671875,4816.7001953125,4781.60986328125,4798.740234375,4798.740234375,1474200000,-0.6371150022101313,-46.95628837320993
2016-09-01,4774.81005859375,4787.93994140625,4750.240234375,4783.93994140625,4783.93994140625,1592520000,-0.3084203821396847,-46.792184625704344
2016-08-31,4770.22998046875,4775.18994140625,4751.68994140625,4771.0498046875,4771.0498046875,1761770000,-0.26944603980461057,-46.64843093568693
2016-08-30,4787.77001953125,4797.6201171875,4760.27978515625,4775.990234375,4775.990234375,1561020000,0.10355015960314962,-46.70361942283729
2016-08-29,4787.93017578125,4804.419921875,4784.6298828125,4791.08984375,4791.08984375,1416640000,0.3161566216430156,-46.871588414040055
2016-08-26,4782.4599609375,4815.580078125,4758.10009765625,4783.68994140625,4783.68994140625,1591060000,-0.15445133748437367,-46.78940393673694
2016-08-25,4773.68017578125,4792.47021484375,4768.0,4775.43017578125,4775.43017578125,1511890000,-0.1726651544345703,-46.69736886637238
2016-08-24,4812.490234375,4821.2998046875,4770.72998046875,4783.490234375,4783.490234375,1714780000,0.16878183319750661,-46.787182435354026
2016-08-23,4828.7900390625,4836.4501953125,4816.759765625,4818.47998046875,4818.47998046875,1547050000,0.7314689563346022,-47.17359121635282
2016-08-22,4797.9501953125,4817.35986328125,4791.06005859375,4808.56005859375,4808.56005859375,1560210000,-0.20587243104068786,-47.0646118458791
2016-08-19,4800.2001953125,4816.0,4786.27001953125,4806.14013671875,4806.14013671875,1632740000,-0.05032529167802169,-47.03795854403775
2016-08-18,4802.330078125,4814.5400390625,4794.2900390625,4808.68017578125,4808.68017578125,1659080000,0.05284987516478434,-47.06593413176875
2016-08-17,4799.02978515625,4807.0498046875,4772.43017578125,4805.4501953125,4805.4501953125,1747890000,-0.06716979193205352,-47.03035453112017
2016-08-16,4814.2099609375,4814.9599609375,4796.919921875,4797.18994140625,4797.18994140625,1698390000,-0.17189344536975293,-46.93914640172749
2016-08-15,4814.77001953125,4837.669921875,4812.4501953125,4827.1201171875,4827.1201171875,1533170000,0.6239105840465387,-47.26814601987347
2016-08-12,4794.35009765625,4807.52978515625,4790.490234375,4807.080078125,4807.080078125,1501620000,-0.41515517691688153,-47.04831435565623
2016-08-11,4800.58984375,4813.35986328125,4790.64990234375,4803.31005859375,4803.31005859375,1511670000,-0.07842639336103074,-47.00675366382985
2016-08-10,4799.830078125,4799.8798828125,4771.97998046875,4783.39013671875,4783.39013671875,1651240000,-0.414712388582128,-46.78606889910286
2016-08-09,4787.919921875,4811.02001953125,4786.3798828125,4795.75,4795.75,1664320000,0.2583912858449944,-46.9232146871579
2016-08-08,4791.10009765625,4794.14013671875,4770.22021484375,4784.740234375,4784.740234375,1624450000,-0.22957338528906135,-46.8010841350697
2016-08-05,4769.169921875,4799.85986328125,4763.580078125,4791.2099609375,4791.2099609375,2017720000,0.1352158371319634,-46.87292036054795
2016-08-04,4731.5400390625,4749.08984375,4719.009765625,4743.81005859375,4743.81005859375,1930000000,-0.9893096468365892,-46.34207735553414
2016-08-03,4716.580078125,4734.330078125,4712.10009765625,4734.330078125,4734.330078125,1909470000,-0.19983895543154162,-46.234633208153376
2016-08-02,4748.419921875,4752.2900390625,4689.5498046875,4719.2099609375,4719.2099609375,2142010000,-0.3193718422245806,-46.06237161071427
2016-08-01,4734.43994140625,4767.240234375,4728.72998046875,4756.0400390625,4756.0400390625,1866590000,0.7804288944517124,-46.48005671242468
2016-07-29,4734.7001953125,4743.25,4715.77001953125,4730.22998046875,4730.22998046875,2072640000,-0.5426795902003678,-46.188030134881906
2016-07-28,4710.22998046875,4725.77978515625,4696.080078125,4721.41015625,4721.41015625,1950910000,-0.18645656247512354,-46.08750675322935
2016-07-27,4711.10986328125,4716.06982421875,4685.10986328125,4702.8798828125,4702.8798828125,2122250000,-0.3924732828595845,-45.87508090641768
2016-07-26,4664.10009765625,4687.89990234375,4648.919921875,4672.10986328125,4672.10986328125,2038060000,-0.6542803622032634,-45.51861993559897
2016-07-25,4662.89990234375,4667.08984375,4650.5,4665.93017578125,4665.93017578125,1770620000,-0.13226759816944433,-45.44646328286673
2016-07-22,4650.97998046875,4670.5400390625,4635.22021484375,4666.06982421875,4666.06982421875,1639000000,0.0029929388619009956,-45.44809598800181
2016-07-21,4662.9501953125,4669.52978515625,4634.06982421875,4647.02001953125,4647.02001953125,1880310000,-0.40826231507775645,-45.22446813350752
2016-07-20,4630.85009765625,4665.669921875,4623.93017578125,4657.2001953125,4657.2001953125,1877330000,0.21906890304890236,-45.34420199065921
2016-07-19,4601.68017578125,4617.47021484375,4595.3798828125,4603.27978515625,4603.27978515625,1694740000,-1.157785963560709,-44.703992578321525
2016-07-18,4595.06005859375,4627.56982421875,4591.830078125,4619.68017578125,4619.68017578125,1585570000,0.35627620719220765,-44.90029970072206
2016-07-15,4602.0,4607.18017578125,4579.830078125,4589.830078125,4589.830078125,1610300000,-0.6461507403205058,-44.54195714625533
2016-07-14,4597.18994140625,4604.759765625,4585.7001953125,4596.490234375,4596.490234375,1641170000,0.14510681521178181,-44.62231394283087
2016-07-13,4589.1298828125,4589.9501953125,4565.7001953125,4565.77001953125,4565.77001953125,1650820000,-0.6683406964298033,-44.24971208028664
2016-07-12,4579.85009765625,4588.240234375,4570.56005859375,4577.60986328125,4577.60986328125,1866280000,0.2593175674497905,-44.39390844426288
2016-07-11,4544.330078125,4569.97021484375,4544.330078125,4554.7099609375,4554.7099609375,1718450000,-0.5002589348524156,-44.1143354138691
2016-07-08,4484.919921875,4529.72021484375,4476.5,4528.35986328125,4528.35986328125,1947260000,-0.5785241625094861,-43.78914201849218
2016-07-07,4451.14990234375,4468.31005859375,4438.7998046875,4459.580078125,4459.580078125,1672770000,-1.5188674759256449,-42.92220596897918
2016-07-06,4388.43017578125,4447.22998046875,4375.72021484375,4444.7001953125,4444.7001953125,1876090000,-0.333661074626479,-42.731122015268795
2016-07-05,4414.35009765625,4418.0400390625,4386.56005859375,4410.75,4410.75,1690340000,-0.7638354404264414,-42.29031498859322
2016-07-01,4411.77001953125,4453.85986328125,4411.759765625,4437.4501953125,4437.4501953125,1745130000,0.6053436561242354,-42.6375549109376
2016-06-30,4378.75,4417.9599609375,4359.56982421875,4417.7001953125,4417.7001953125,2171180000,-0.44507541787991434,-42.381107383848494
2016-06-29,4323.330078125,4373.9599609375,4322.35986328125,4364.740234375,4364.740234375,2116550000,-1.1988129251888635,-41.68198346389994
2016-06-28,4245.31982421875,4291.43017578125,4245.2900390625,4290.47021484375,4290.47021484375,2074090000,-1.7015908288499748,-40.672471683075784
2016-06-27,4247.7099609375,4249.0,4179.740234375,4201.0498046875,4201.0498046875,2659650000,-2.084163405840278,-39.409670201946824
2016-06-24,4294.7998046875,4373.14990234375,4274.5400390625,4285.7001953125,4285.7001953125,4411040000,2.014981839314256,-40.60643965658871
2016-06-23,4437.60986328125,4467.47998046875,4420.16015625,4467.47998046875,4467.47998046875,1738570000,4.241542265487275,-43.02313736672758
2016-06-22,4415.4599609375,4442.02001953125,4400.8798828125,4404.72998046875,4404.72998046875,1682220000,-1.4045949903376154,-42.21144217857956
2016-06-21,4408.02978515625,4422.669921875,4398.64013671875,4413.39990234375,4413.39990234375,1698080000,0.19683208535923313,-42.32496515240175
2016-06-20,4424.10986328125,4444.06005859375,4397.35986328125,4400.16015625,4400.16015625,1779560000,-0.29998972190847795,-42.15142537425396
2016-06-17,4409.75,4409.75,4363.6298828125,4374.3798828125,4374.3798828125,2638220000,-0.5858939793562223,-41.8104965770818
2016-06-16,4387.89990234375,4428.27001953125,4362.16015625,4424.22998046875,4424.22998046875,1851770000,1.1395923306093625,-42.46614794263171
2016-06-15,4433.68017578125,4439.60986328125,4404.580078125,4409.509765625,4409.509765625,1802200000,-0.33271812063870865,-42.27408335765783
2016-06-14,4413.7099609375,4439.72998046875,4392.43017578125,4424.91015625,4424.91015625,1919710000,0.34925403148113876,-42.47499176801789
2016-06-13,4436.1201171875,4461.27001953125,4419.72998046875,4422.759765625,4422.759765625,1888300000,-0.048597385010462624,-42.44702252596985
2016-06-10,4473.080078125,4480.47998046875,4447.330078125,4461.0498046875,4461.0498046875,1822200000,0.8657499184129724,-42.94101067945969
2016-06-09,4501.14990234375,4518.5,4494.759765625,4512.68994140625,4512.68994140625,1632340000,1.1575781257695983,-43.593954721218566
2016-06-08,4521.10009765625,4529.08984375,4505.39013671875,4520.6298828125,4520.6298828125,1692640000,0.1759469741848818,-43.69302513974023
2016-06-07,4527.85986328125,4532.2998046875,4511.419921875,4513.08984375,4513.08984375,1747760000,-0.16679178030405417,-43.59895282905369
2016-06-06,4517.8798828125,4536.5498046875,4510.330078125,4523.6298828125,4523.6298828125,1663840000,0.23354374558035573,-43.73036703749862
2016-06-03,4520.97998046875,4523.35986328125,4480.7998046875,4509.7900390625,4509.7900390625,1697840000,-0.3059455372904085,-43.55768429144493
2016-06-02,4510.81005859375,4531.35009765625,4488.080078125,4531.35009765625,4531.35009765625,1729050000,0.4780723361177186,-43.826235519581736
2016-06-01,4507.18017578125,4530.39013671875,4502.77978515625,4520.06982421875,4520.06982421875,1797090000,-0.24893846633775585,-43.6860484322147
2016-05-31,4513.85009765625,4526.83984375,4497.64990234375,4523.89013671875,4523.89013671875,2285350000,0.08451888241927108,-43.73360416115529
2016-05-27,4490.9599609375,4512.5400390625,4489.16015625,4512.5400390625,4512.5400390625,1505020000,-0.2508924247325406,-43.59208096534808
2016-05-26,4478.56982421875,4494.02978515625,4469.759765625,4487.9599609375,4487.9599609375,1606250000,-0.5447060394417336,-43.283140807947305
2016-05-25,4459.259765625,4488.52001953125,4453.0498046875,4476.43017578125,4476.43017578125,1784420000,-0.25690481324707193,-43.137057170865326
2016-05-24,4381.33984375,4449.2099609375,4380.4599609375,4444.2998046875,4444.2998046875,1942280000,-0.7177677263365934,-42.72596261494546
2016-05-23,4364.72998046875,4382.39990234375,4353.35986328125,4355.10009765625,4355.10009765625,1865110000,-2.0070587258125383,-41.55289489188827
2016-05-20,4330.06982421875,4379.97998046875,4329.56982421875,4362.89990234375,4362.89990234375,1970520000,0.17909587638864632,-41.65738411112252
2016-05-19,4319.85986328125,4331.580078125,4284.3701171875,4315.580078125,4315.580078125,1805890000,-1.0845956881414986,-41.017664240712136
2016-05-18,4314.33984375,4360.91015625,4305.72998046875,4338.22998046875,4338.22998046875,1934100000,0.5248402748580405,-41.32561106487055
2016-05-17,4376.5498046875,4385.06005859375,4311.18017578125,4322.56005859375,4322.56005859375,1925230000,-0.36120542123280197,-41.11290769505873
2016-05-16,4335.330078125,4395.7001953125,4329.89013671875,4380.47998046875,4380.47998046875,1741510000,1.3399448727114516,-41.89152917054899
2016-05-13,4337.830078125,4364.240234375,4318.7001953125,4326.52978515625,4326.52978515625,1698030000,-1.2316046541257508,-41.16693844628882
2016-05-12,4376.08984375,4377.85986328125,4312.8798828125,4342.81005859375,4342.81005859375,1930450000,0.3762894108196191,-41.38749111065513
2016-05-11,4395.8798828125,4407.93017578125,4360.72998046875,4361.02978515625,4361.02978515625,1859110000,0.4195377259580191,-41.632365357728794
2016-05-10,4360.72998046875,4404.08984375,4351.16015625,4402.0400390625,4402.0400390625,1760120000,0.9403800461496026,-42.17612949784246
2016-05-09,4331.66015625,4361.8701171875,4329.89990234375,4341.22998046875,4341.22998046875,1625100000,-1.3814063037623003,-41.366157907032175
2016-05-06,4290.35986328125,4330.240234375,4282.0,4330.169921875,4330.169921875,1860800000,-0.25476785711674443,-41.21639617924203
2016-05-05,4326.91015625,4333.1201171875,4299.60986328125,4309.47998046875,4309.47998046875,1888350000,-0.47780899547912314,-40.934174351037264
2016-05-04,4314.5,4328.22021484375,4301.06982421875,4312.009765625,4312.009765625,1950800000,0.05870279401958278,-40.96882729875543
2016-05-03,4349.080078125,4368.759765625,4329.759765625,4341.39013671875,4341.39013671875,1984340000,0.6813614228791343,-41.368320941446726
2016-05-02,4350.830078125,4386.97998046875,4334.58984375,4381.2998046875,4381.2998046875,1880460000,0.9192831492198961,-41.90240236659222
2016-04-29,4367.58984375,4372.97021484375,4307.10009765625,4341.2998046875,4341.2998046875,2376460000,-0.9129710766929144,-41.36710095690217
2016-04-28,4419.1201171875,4447.2001953125,4355.2998046875,4363.990234375,4363.990234375,2161400000,0.522664425594388,-41.671960867594024
2016-04-27,4412.81982421875,4426.27978515625,4381.169921875,4416.6298828125,4416.6298828125,1938780000,1.206227457221587,-42.36714419865083
2016-04-26,4480.60009765625,4490.06005859375,4439.3798828125,4452.97021484375,4452.97021484375,1825020000,0.8228068231995067,-42.83748130280406
2016-04-25,4459.669921875,4474.77001953125,4452.8701171875,4474.1298828125,4474.1298828125,1582270000,0.4751809903918769,-43.10782211712342
2016-04-22,4478.4501953125,4502.39013671875,4440.14013671875,4474.18994140625,4474.18994140625,2018930000,0.0013423524869216052,-43.10858580043677
2016-04-21,4540.7099609375,4558.669921875,4522.85009765625,4540.7998046875,4540.7998046875,1758190000,1.488758057962869,-43.9431368673651
2016-04-20,4539.2001953125,4562.33984375,4523.89990234375,4540.43994140625,4540.43994140625,1781340000,-0.007925107838457901,-43.93869394840486
2016-04-19,4573.580078125,4574.3798828125,4515.97998046875,4537.08984375,4537.08984375,1824250000,-0.07378354739810966,-43.89729938570549
2016-04-18,4535.2099609375,4570.580078125,4531.10986328125,4569.31005859375,4569.31005859375,1672260000,0.7101515718965556,-44.29290420217169
2016-04-15,4550.31005859375,4558.919921875,4531.0,4543.16015625,4543.16015625,1684790000,-0.5722943290873528,-43.97226062702432
2016-04-14,4554.66015625,4569.72998046875,4541.66015625,4554.6298828125,4554.6298828125,1645810000,0.2524614182205509,-44.11335284901761
2016-04-13,4526.919921875,4560.10986328125,4524.259765625,4554.72021484375,4554.72021484375,1936450000,0.0019833012467440625,-44.11446122760482
2016-04-12,4464.06982421875,4503.89013671875,4435.0498046875,4496.0400390625,4496.0400390625,1759280000,-1.2883376588097017,-43.38506976082468
2016-04-11,4496.259765625,4516.10009765625,4458.47021484375,4458.7099609375,4458.7099609375,1545540000,-0.8302879378446093,-42.91106723825974
2016-04-08,4506.97021484375,4515.91015625,4459.56005859375,4474.93017578125,4474.93017578125,1588830000,0.36378717130860494,-43.11799666916066
2016-04-07,4519.02001953125,4525.68994140625,4459.72021484375,4475.2900390625,4475.2900390625,1908940000,0.008041763046895412,-43.122570617258795
2016-04-06,4476.35009765625,4544.58984375,4476.35009765625,4543.77978515625,4543.77978515625,1761770000,1.5303979294288839,-43.97990105162868
2016-04-05,4479.10986328125,4494.7099609375,4465.0400390625,4470.75,4470.75,1726010000,-1.6072474593690877,-43.06481168393167
2016-04-04,4526.39013671875,4533.43017578125,4503.64990234375,4511.7001953125,4511.7001953125,1705730000,0.9159580677179369,-43.58158074676065
2016-04-01,4461.77001953125,4534.31982421875,4452.10986328125,4532.080078125,4532.080078125,1812250000,0.4517118143992471,-43.835283407134476
2016-03-31,4491.009765625,4504.240234375,4478.1298828125,4483.66015625,4483.66015625,1774270000,-1.0683818697005965,-43.2287496613136
2016-03-30,4494.7001953125,4518.18017578125,4481.83984375,4490.8798828125,4490.8798828125,1717820000,0.16102305506888737,-43.32001750074641
2016-03-29,4391.18994140625,4471.77001953125,4384.27001953125,4467.72021484375,4467.72021484375,1806490000,-0.5157044626685869,-43.02620107714944
2016-03-28,4415.0400390625,4417.56982421875,4393.080078125,4398.06982421875,4398.06982421875,1381000000,-1.5589693910014857,-42.12393087477228
2016-03-24,4380.22998046875,4405.990234375,4374.7099609375,4405.52978515625,4405.52978515625,1590990000,0.16961897458791508,-42.22193343881009
2016-03-23,4431.81982421875,4434.759765625,4394.9599609375,4402.56005859375,4402.56005859375,1732630000,-0.0674090678607131,-42.18295951075164
2016-03-22,4403.47021484375,4450.759765625,4401.259765625,4437.6201171875,4437.6201171875,1596200000,0.7963561683914655,-42.63975138877183
2016-03-21,4403.08984375,4430.43994140625,4400.35009765625,4426.97998046875,4426.97998046875,1609230000,-0.23977123858662797,-42.50188745215192
2016-03-18,4408.81982421875,4420.8798828125,4387.7998046875,4410.830078125,4410.830078125,2829040000,-0.3648063107355659,-42.2913627014473
2016-03-17,4390.06005859375,4413.080078125,4376.8701171875,4400.259765625,4400.259765625,1907190000,-0.23964451844160628,-42.15273490157053
2016-03-16,4359.669921875,4416.10986328125,4357.740234375,4404.2001953125,4404.2001953125,1781060000,0.08954993335354988,-42.20449074159277
2016-03-15,4354.3798828125,4371.2900390625,4339.85986328125,4367.080078125,4367.080078125,1692420000,-0.8428344657676501,-41.71322975296798
2016-03-14,4347.93994140625,4378.35009765625,4347.5498046875,4367.330078125,4367.330078125,1615100000,0.005724648862104331,-41.71656627489353
2016-03-11,4337.1201171875,4361.830078125,4320.5498046875,4361.830078125,4361.830078125,1801790000,-0.12593506562621481,-41.643074442395125
2016-03-10,4307.8701171875,4335.330078125,4232.080078125,4286.97021484375,4286.97021484375,1936470000,-1.7162489583599227,-40.62403506264155
2016-03-09,4281.10009765625,4293.22998046875,4258.080078125,4293.22998046875,4293.22998046875,1789550000,0.14601840720342985,-40.71060848776832
2016-03-08,4272.72021484375,4308.83984375,4258.81982421875,4265.509765625,4265.509765625,1993060000,-0.645672721234547,-40.325305262367436
2016-03-07,4303.81005859375,4330.27978515625,4271.56005859375,4303.330078125,4303.330078125,2084390000,0.8866539892790071,-40.8497631966523
2016-03-04,4334.02978515625,4356.33984375,4301.35009765625,4329.0,4329.0,2171230000,0.5965129657491852,-41.20050977961134
2016-03-03,4330.39990234375,4331.490234375,4296.31982421875,4325.85986328125,4325.85986328125,1936290000,-0.0725372307403549,-41.15782729702515
2016-03-02,4328.72021484375,4335.43017578125,4301.08984375,4334.39013671875,4334.39013671875,1912510000,0.19719255147183645,-41.27363132180842
2016-03-01,4238.080078125,4333.60986328125,4225.93017578125,4333.60986328125,4333.60986328125,2080150000,-0.01800191982926913,-41.26305754451742
2016-02-29,4228.56982421875,4263.31005859375,4200.14990234375,4201.1201171875,4201.1201171875,2065260000,-3.05726058121516,-39.41068427853713
2016-02-26,4273.58984375,4275.830078125,4227.2900390625,4235.6201171875,4235.6201171875,1814920000,0.8212095592995405,-39.90419675948609
2016-02-25,4212.47998046875,4241.25,4173.25,4241.06005859375,4241.06005859375,1667840000,0.12843317520794262,-39.981280706393996
2016-02-24,4116.02001953125,4205.97998046875,4088.1201171875,4200.66015625,4200.66015625,1978180000,-0.9525897248704784,-39.40404991216968
2016-02-23,4209.31982421875,4217.990234375,4158.56005859375,4162.5400390625,4162.5400390625,1777750000,-0.9074792001629195,-38.84911838075882
2016-02-22,4203.60009765625,4235.1201171875,4199.93017578125,4231.27001953125,4231.27001953125,1794020000,1.651154819503664,-39.84241327329392
2016-02-19,4129.75,4175.080078125,4121.58984375,4164.08984375,4164.08984375,1903770000,-1.5877071298014744,-38.871877717500915
2016-02-18,4212.22021484375,4212.580078125,4146.10009765625,4151.490234375,4151.490234375,1955870000,-0.3025777504275351,-38.686356273608446
2016-02-17,4138.43017578125,4204.6201171875,4125.830078125,4199.10009765625,4199.10009765625,2296440000,1.146813808859104,-39.3815371759923
2016-02-16,4077.330078125,4104.330078125,4049.8798828125,4104.330078125,4104.330078125,2117920000,-2.2569126081120716,-37.981841538352455
2016-02-12,3996.639892578125,4022.1201171875,3965.739990234375,4019.18994140625,4019.18994140625,1983190000,-2.074397894373181,-36.66808564041092
2016-02-11,3910.570068359375,3988.7099609375,3902.860107421875,3962.219970703125,3962.219970703125,2812330000,-1.4174490763975256,-35.7574806431325
2016-02-10,3996.760009765625,4045.47998046875,3962.699951171875,3966.280029296875,3966.280029296875,2448380000,0.10246928801960209,-35.82324211001643
2016-02-09,3903.929931640625,4008.06005859375,3902.739990234375,3947.800048828125,3947.800048828125,2465790000,-0.46592727523644406,-35.52282536709992
2016-02-08,3947.989990234375,3979.090087890625,3888.780029296875,3960.669921875,3960.669921875,2702070000,0.3260011370306293,-35.73233867376643
2016-02-05,4150.35009765625,4152.72998046875,4008.449951171875,4024.469970703125,4024.469970703125,2479280000,1.6108398348409159,-36.75117592700271
2016-02-04,4158.0498046875,4200.990234375,4120.580078125,4167.77001953125,4167.77001953125,2200930000,3.560718551046582,-38.92585436067535
2016-02-03,4213.669921875,4218.16015625,4099.240234375,4171.97021484375,4171.97021484375,2466190000,0.10077800101293555,-38.98734169807688
2016-02-02,4262.4501953125,4265.0400390625,4180.56982421875,4193.10009765625,4193.10009765625,2185180000,0.5064725231575418,-39.29479687204693
2016-02-01,4254.41015625,4301.6298828125,4238.2001953125,4286.56005859375,4286.56005859375,1983340000,2.2288988757921624,-40.61835371844342
2016-01-29,4186.35009765625,4279.169921875,4184.31005859375,4279.169921875,4279.169921875,2607550000,-0.17240250032036775,-40.51580147288715
2016-01-28,4197.2001953125,4197.47998046875,4116.5,4186.06005859375,4186.06005859375,2322310000,-2.175886094293078,-39.192703974349385
2016-01-27,4214.93994140625,4226.08984375,4111.93017578125,4128.85986328125,4128.85986328125,2115710000,-1.3664446881279435,-38.350294853123344
2016-01-26,4211.919921875,4250.97021484375,4177.85009765625,4233.85009765625,4233.85009765625,1981180000,2.542838407006709,-39.87907287861445
2016-01-25,4245.47021484375,4268.10986328125,4193.31982421875,4196.52978515625,4196.52978515625,2028880000,-0.8814745831615456,-39.344409263001324
2016-01-22,4226.43994140625,4260.5498046875,4209.240234375,4259.77001953125,4259.77001953125,2153340000,1.5069649832747611,-40.244897729931274
2016-01-21,4146.4501953125,4200.35986328125,4099.2998046875,4142.60009765625,4142.60009765625,2447750000,-2.750616144481277,-38.55477546382651
2016-01-20,4078.22998046875,4178.64013671875,3992.909912109375,4136.27978515625,4136.27978515625,3204130000,-0.15256873342844868,-38.46088601705965
2016-01-19,4199.56005859375,4202.0400390625,4101.0498046875,4147.06982421875,4147.06982421875,2394550000,0.26086337537469806,-38.62100134472299
2016-01-15,4123.8701171875,4184.68994140625,4085.7900390625,4141.080078125,4141.080078125,2818630000,-0.14443321061946568,-38.5322214586793
2016-01-14,4201.22998046875,4308.25,4133.31982421875,4272.97021484375,4272.97021484375,2565560000,3.184921185548939,-40.42949508989957
2016-01-13,4352.64013671875,4359.5,4177.2998046875,4183.1201171875,4183.1201171875,2533200000,-2.102755065881856,-39.1499679585574
2016-01-12,4322.77001953125,4353.18994140625,4273.02001953125,4333.72021484375,4333.72021484375,2147470000,3.6001858286944355,-41.264553190995535
2016-01-11,4300.97021484375,4311.14013671875,4217.6298828125,4283.5498046875,4283.5498046875,2391110000,-1.157675338255748,-40.57662341511345
2016-01-08,4336.1201171875,4362.4599609375,4264.81005859375,4270.77978515625,4270.77978515625,2288750000,-0.2981176854130574,-40.398942120882545
2016-01-07,4349.14013671875,4403.60986328125,4303.66015625,4305.72021484375,4305.72021484375,2552590000,0.818127635822874,-40.88259792483995
2016-01-06,4409.77978515625,4467.5498046875,4409.490234375,4443.990234375,4443.990234375,2168620000,3.2113099001317202,-42.721972880333915
2016-01-05,4512.0400390625,4522.1201171875,4466.0498046875,4484.18017578125,4484.18017578125,1927380000,0.9043661053837138,-43.23533328593
2016-01-04,4485.06005859375,4497.85986328125,4439.1298828125,4497.85986328125,4497.85986328125,2218420000,0.3050655184170026,-43.407976037214745
2015-12-31,4634.16015625,4642.5498046875,4592.8798828125,4593.27001953125,4593.27001953125,1437480000,2.1212345237540786,-44.58349017547221
2015-12-30,4687.16015625,4688.66015625,4651.72998046875,4652.009765625,4652.009765625,1247530000,1.2788219687494884,-45.28322037392273
2015-12-29,4645.080078125,4702.740234375,4644.31982421875,4691.080078125,4691.080078125,1383470000,0.8398587807940894,-45.73893667877825
2015-12-28,4610.41015625,4621.68017578125,4580.1298828125,4621.35009765625,4621.35009765625,1310650000,-1.4864376499115428,-44.92020994186184
2015-12-24,4626.31982421875,4635.58984375,4620.7998046875,4622.77001953125,4622.77001953125,706880000,0.030725260908504026,-44.937128152900584
2015-12-23,4612.16015625,4626.169921875,4605.35986328125,4624.58984375,4624.58984375,1591490000,0.03936653156140224,-44.95879596585846
2015-12-22,4580.60986328125,4596.080078125,4560.5400390625,4589.259765625,4589.259765625,1556670000,-0.7639613310302051,-44.5350653125653
2015-12-21,4547.919921875,4560.7099609375,4519.81982421875,4560.5498046875,4560.5498046875,1673400000,-0.6255902346724129,-44.18589773925199
2015-12-18,4578.68994140625,4593.39990234375,4513.22998046875,4514.830078125,4514.830078125,3765210000,-1.0025047093117467,-43.620692526755356
2015-12-17,4680.6298828125,4681.1298828125,4597.64990234375,4598.14013671875,4598.14013671875,1897220000,1.845253468062924,-44.64218453644057
2015-12-16,4633.85009765625,4673.5400390625,4582.8701171875,4664.56005859375,4664.56005859375,2016610000,1.4444953807431604,-45.4304393197585
2015-12-15,4607.2001953125,4636.77001953125,4592.72021484375,4597.330078125,4597.330078125,2054710000,-1.4412930613871944,-44.632430380575
2015-12-14,4535.56005859375,4571.56982421875,4478.25,4570.16015625,4570.16015625,2196060000,-0.590993498689163,-44.303266305458045
2015-12-11,4583.080078125,4600.91015625,4534.0498046875,4537.56005859375,4537.56005859375,2084950000,-0.7133250595532714,-43.90311315395598
2015-12-10,4627.77001953125,4674.0,4619.97998046875,4643.0498046875,4643.0498046875,1746520000,2.3248121177803727,-45.17763024917746
2015-12-09,4674.7998046875,4698.25,4595.009765625,4622.14013671875,4622.14013671875,2003450000,-0.45034339170000326,-44.92962445211318
2015-12-08,4646.43017578125,4708.47021484375,4643.64990234375,4694.77001953125,4694.77001953125,1871450000,1.571347485454222,-45.78158416597425
2015-12-07,4718.5498046875,4720.81982421875,4671.8701171875,4693.6201171875,4693.6201171875,1952690000,-0.024493262480718148,-45.76830105360356
2015-12-04,4621.47998046875,4722.39013671875,4612.10986328125,4716.1201171875,4716.1201171875,1897490000,0.47937411716827416,-46.02703348534271
2015-12-03,4704.2001953125,4705.77978515625,4579.91015625,4606.75,4606.75,2088100000,-2.319069796142592,-44.74564646137461
2015-12-02,4720.27001953125,4739.75,4680.06005859375,4686.22021484375,4686.22021484375,2060340000,1.7250819958484875,-45.68266502760806
2015-12-01,4685.740234375,4716.16015625,4682.39990234375,4716.16015625,4716.16015625,2035570000,0.6388931811487364,-46.02749170281372
2015-11-30,4692.56982421875,4695.06005859375,4654.52978515625,4664.509765625,4664.509765625,2223880000,-1.0951788937140217,-45.42985094812935
2015-11-27,4680.43994140625,4689.580078125,4665.919921875,4680.47021484375,4680.47021484375,781730000,0.34216777369340257,-45.615935690222095
2015-11-25,4674.22998046875,4683.5498046875,4666.240234375,4672.8798828125,4672.8798828125,1539300000,-0.16217028808724887,-45.52759763838422
2015-11-24,4645.52001953125,4682.1298828125,4621.6298828125,4669.41015625,4669.41015625,1956920000,-0.07425242354852646,-45.487120504212506
2015-11-23,4689.97998046875,4706.6201171875,4655.60009765625,4674.7900390625,4674.7900390625,1668280000,0.11521546903090485,-45.54985549359357
2015-11-20,4680.509765625,4691.58984375,4674.60986328125,4686.35986328125,4686.35986328125,1766630000,0.2474939862982639,-45.684283625235935
2015-11-19,4657.60986328125,4678.02001953125,4648.93994140625,4655.35009765625,4655.35009765625,1794110000,-0.6617026120415703,-45.32248105417186
2015-11-18,4586.240234375,4657.6298828125,4580.72021484375,4653.43994140625,4653.43994140625,2017390000,-0.04103141997766624,-45.30003688257752
2015-11-17,4571.5498046875,4598.27001953125,4554.89013671875,4565.81982421875,4565.81982421875,1861710000,-1.8829106701873877,-44.25032021327803
2015-11-16,4494.56005859375,4566.02978515625,4486.08984375,4565.47021484375,4565.47021484375,1819190000,-0.0076570996767277855,-44.24605107783535
2015-11-13,4566.1201171875,4575.7998046875,4499.14990234375,4502.14013671875,4502.14013671875,2001050000,-1.3871534616323733,-43.461779190734276
2015-11-12,4617.77978515625,4639.259765625,4588.080078125,4588.93017578125,4588.93017578125,1820930000,1.927750723587085,-44.53108166529742
2015-11-11,4657.18994140625,4677.77978515625,4631.06005859375,4636.93994140625,4636.93994140625,1672340000,1.0462082399592454,-45.105393561153825
2015-11-10,4628.830078125,4647.31982421875,4616.7099609375,4641.72998046875,4641.72998046875,1906120000,0.10330172749761779,-45.16204211896936
2015-11-09,4687.35009765625,4694.27001953125,4627.1201171875,4655.52001953125,4655.52001953125,1850770000,0.2970883511217881,-45.32447672952083
2015-11-06,4695.8798828125,4710.47021484375,4665.41015625,4707.22998046875,4707.22998046875,2066430000,1.1107236295958778,-45.92509942785611
2015-11-05,4718.509765625,4731.56005859375,4678.7900390625,4702.89990234375,4702.89990234375,2054490000,-0.09198781752679519,-45.87531130798516
2015-11-04,4729.06982421875,4737.1201171875,4698.83984375,4717.5498046875,4717.5498046875,2096110000,0.31150784936861964,-46.04339038219779
2015-11-03,4692.02978515625,4735.31005859375,4685.97998046875,4719.0498046875,4719.0498046875,2028630000,0.03179616669886087,-46.06054106247802
2015-11-02,4658.7900390625,4707.77001953125,4652.4501953125,4703.919921875,4703.919921875,1888180000,-0.32061290807889886,-45.88704795327367
2015-10-30,4676.2998046875,4681.22998046875,4648.830078125,4648.830078125,4648.830078125,2016390000,-1.1711475676660976,-45.24579541811805
2015-10-29,4657.77978515625,4678.2001953125,4653.0,4670.759765625,4670.759765625,1928310000,0.47172486693349835,-45.50287192302176
2015-10-28,4649.10009765625,4678.580078125,4609.93017578125,4678.580078125,4678.580078125,2141130000,0.16743127226441779,-45.59396464021327
2015-10-27,4617.60009765625,4645.93994140625,4617.43994140625,4639.22998046875,4639.22998046875,1986840000,-0.8410692346644599,-45.13249090135787
2015-10-26,4621.14013671875,4638.75,4606.66015625,4630.85009765625,4630.85009765625,1758690000,-0.1806308988297478,-45.03320388347467
2015-10-23,4623.72021484375,4645.9599609375,4598.740234375,4624.08984375,4624.08984375,2178270000,-0.1459830001768192,-44.952844394209336
2015-10-22,4451.31982421875,4504.7001953125,4438.60009765625,4503.22021484375,4503.22021484375,2156040000,-2.613911774867861,-43.47533964139161
2015-10-21,4462.22021484375,4464.72998046875,4409.89990234375,4413.52001953125,4413.52001953125,1895390000,-1.9919122546311563,-42.32653482081703
2015-10-20,4454.6201171875,4463.10986328125,4424.33984375,4438.18017578125,4438.18017578125,1711700000,0.5587412346804932,-42.646989738478695
2015-10-19,4428.06005859375,4464.77978515625,4420.7998046875,4462.06982421875,4462.06982421875,1619920000,0.538275768249874,-42.95405424126692
2015-10-16,4419.9501953125,4438.75,4405.8798828125,4438.6201171875,4438.6201171875,1855290000,-0.5255342913724093,-42.65267437994855
2015-10-15,4361.97998046875,4418.25,4357.22021484375,4418.22021484375,4418.22021484375,1942900000,-0.459600096542534,-42.387889062459415
2015-10-14,4356.81982421875,4373.7099609375,4328.9599609375,4346.919921875,4346.919921875,1902460000,-1.6137786145019373,-41.44290722193291
2015-10-13,4354.06005859375,4399.93017578125,4349.18017578125,4352.93994140625,4352.93994140625,1565060000,0.1384893128800302,-41.52389038433862
2015-10-12,4378.64013671875,4389.77001953125,4363.9599609375,4382.56005859375,4382.56005859375,1343820000,0.6804623446729829,-41.919108977199336
2015-10-09,4355.240234375,4378.259765625,4341.509765625,4370.009765625,4370.009765625,1804260000,-0.28636898983598336,-41.752305643267206
2015-10-08,4316.18017578125,4358.08984375,4275.58984375,4350.14990234375,4350.14990234375,1984230000,-0.45445809841135887,-41.48638578479302
2015-10-07,4331.8701171875,4342.58984375,4279.2099609375,4333.4599609375,4333.4599609375,2149890000,-0.3836635927708554,-41.261025725735635
2015-10-06,4315.31982421875,4332.02978515625,4273.7001953125,4306.7001953125,4306.7001953125,2085020000,-0.6175150080124592,-40.89604996393474
2015-10-05,4296.5400390625,4339.22998046875,4290.25,4331.43017578125,4331.43017578125,2005320000,0.5742210822027083,-41.23349959851282
2015-10-02,4136.9599609375,4267.4501953125,4124.5498046875,4267.4501953125,4267.4501953125,2183320000,-1.477109819903999,-40.35243962690872
2015-10-01,4185.27978515625,4194.18017578125,4128.33984375,4192.9599609375,4192.9599609375,2133990000,-1.7455443172323948,-39.29276798838082
2015-09-30,4137.18017578125,4181.06005859375,4125.2001953125,4181.06005859375,4181.06005859375,2398350000,-0.2838067249535392,-39.119986415675875
2015-09-29,4110.259765625,4155.31005859375,4053.1201171875,4083.3701171875,4083.3701171875,2293450000,-2.336487398822651,-37.66350199491985
2015-09-28,4206.68017578125,4207.02001953125,4092.2900390625,4103.47021484375,4103.47021484375,2387610000,0.49224285527402767,-37.968845918927954
2015-09-25,4305.39013671875,4308.66015625,4198.9599609375,4224.740234375,4224.740234375,2050530000,2.9553040032451516,-39.74943332777025
2015-09-24,4239.85009765625,4275.64013671875,4198.10986328125,4261.10009765625,4261.10009765625,1995820000,0.8606413948342828,-40.26354994475023
2015-09-23,4280.009765625,4294.72998046875,4255.06005859375,4273.52978515625,4273.52978515625,1606330000,0.29170137324012746,-40.43729517267052
2015-09-22,4273.2998046875,4286.60009765625,4233.89990234375,4274.10009765625,4274.10009765625,2042880000,0.01334523283260669,-40.44524289366925
2015-09-21,4343.77001953125,4372.419921875,4299.93994140625,4336.1298828125,4336.1298828125,2021530000,1.4512946290206052,-41.29719357046545
2015-09-18,4325.2900390625,4374.919921875,4317.08984375,4323.85986328125,4323.85986328125,3272150000,-0.2829716789592873,-41.130609868818155
2015-09-17,4378.990234375,4450.66015625,4368.7998046875,4384.9599609375,4384.9599609375,1891510000,1.4130915336808103,-41.95089683107586
2015-09-16,4357.35986328125,4388.31982421875,4346.47021484375,4383.669921875,4383.669921875,1666380000,-0.02941963151299465,-41.9338139731131
2015-09-15,4322.41015625,4373.18994140625,4303.89013671875,4360.27978515625,4360.27978515625,1587460000,-0.5335743141159144,-41.62232569785863
2015-09-14,4334.85986328125,4334.93994140625,4293.77001953125,4308.759765625,4308.759765625,1467740000,-1.181576001307072,-40.9243014208428
2015-09-11,4273.6201171875,4323.22998046875,4268.10009765625,4323.22998046875,4323.22998046875,1686190000,0.33583248152269096,-41.122032759297376
2015-09-10,4248.47998046875,4326.77001953125,4243.68994140625,4296.2998046875,4296.2998046875,1845770000,-0.6229179549298469,-40.75297238653083
2015-09-09,4346.35986328125,4352.9599609375,4242.47021484375,4253.4501953125,4253.4501953125,1963750000,-0.9973607830684572,-40.156112925788875
2015-09-08,4267.39990234375,4306.5,4247.14013671875,4303.52978515625,4303.52978515625,1765600000,1.1773874747361468,-40.85250808719088
2015-09-04,4175.6201171875,4210.81005859375,4160.43017578125,4184.72021484375,4184.72021484375,1574720000,-2.760747020324994,-39.173234984464386
2015-09-03,4267.33984375,4300.2998046875,4222.3798828125,4234.64990234375,4234.64990234375,1803320000,1.1931427894006585,-39.890428008421495
2015-09-02,4207.68017578125,4256.22998046875,4166.080078125,4256.22998046875,4256.22998046875,1929080000,0.5096071368982935,-40.19519754991505
2015-09-01,4177.93994140625,4229.31005859375,4121.830078125,4142.6298828125,4142.6298828125,2253750000,-2.6690310010865304,-38.55521724976091
2015-08-31,4299.8798828125,4324.740234375,4262.08984375,4274.580078125,4274.580078125,1839010000,3.1851794402380174,-40.45193012837062
2015-08-28,4307.0498046875,4340.7001953125,4295.56005859375,4329.1201171875,4329.1201171875,1936540000,1.2759157172328228,-41.20214124956378
2015-08-27,4281.6298828125,4328.990234375,4231.14013671875,4324.81982421875,4324.81982421875,2358880000,-0.09933411068168141,-41.14367684437721
2015-08-26,4141.240234375,4227.85986328125,4052.5400390625,4219.60009765625,4219.60009765625,2631660000,-2.4329274013515034,-39.676038659339596
2015-08-25,4187.27978515625,4207.3798828125,4015.909912109375,4016.320068359375,4016.320068359375,2612800000,-4.8175188309855566,-36.62283163900315
2015-08-24,3847.1201171875,4199.7900390625,3787.22998046875,4038.60009765625,4038.60009765625,3498840000,0.5547373943724621,-36.97246892263899
2015-08-21,4313.18994140625,4361.31982421875,4197.27001953125,4197.27001953125,4197.27001953125,2768540000,3.92883469613845,-39.355106538394736
2015-08-20,4467.7900390625,4484.35986328125,4385.1298828125,4385.1298828125,4385.1298828125,2087000000,4.475763112858533,-41.953146208566636
2015-08-19,4525.31982421875,4550.669921875,4486.10986328125,4510.89990234375,4510.89990234375,1785420000,2.868102493935365,-43.5715713771861
2015-08-18,4556.22998046875,4562.14990234375,4536.0498046875,4542.06982421875,4542.06982421875,1501540000,0.6909912112836869,-43.95881106740919
2015-08-17,4516.8798828125,4568.58984375,4507.97998046875,4566.3701171875,4566.3701171875,1510790000,0.5350048305990063,-44.25703860359887
2015-08-14,4512.8798828125,4536.2001953125,4503.830078125,4530.740234375,4530.740234375,1487630000,-0.7802670808130907,-43.81867421291792
2015-08-13,4536.9599609375,4556.14013671875,4514.4501953125,4519.31982421875,4519.31982421875,1632340000,-0.2520649952429954,-43.676702896753916
2015-08-12,4475.91015625,4539.18017578125,4436.5400390625,4528.18994140625,4528.18994140625,2089460000,0.1962710658353073,-43.787032686837115
2015-08-11,4548.75,4567.68994140625,4491.06005859375,4513.990234375,4513.990234375,1912340000,-0.313584615817597,-43.61020295842396
2015-08-10,4558.68017578125,4583.6298828125,4554.6298828125,4573.10986328125,4573.10986328125,1784930000,1.3096977582282232,-44.33919132189283
2015-08-07,4519.35986328125,4532.4599609375,4485.5,4520.080078125,4520.080078125,2008360000,-1.159600069572797,-43.68617618171692
2015-08-06,4608.68994140625,4612.6201171875,4508.2998046875,4528.509765625,4528.509765625,2290950000,0.1864942070560982,-43.791002705515446
2015-08-05,4592.81005859375,4634.7001953125,4590.18994140625,4602.240234375,4602.240234375,2041490000,1.6281397759075888,-44.691502355128506
2015-08-04,4573.25,4584.4501953125,4551.89990234375,4567.47021484375,4567.47021484375,1819700000,-0.7555020546634261,-44.27046456989972
2015-08-03,4595.259765625,4607.52001953125,4549.60009765625,4580.4599609375,4580.4599609375,1790080000,0.2843969524209511,-44.42850819899663
2015-07-31,4616.47998046875,4616.47998046875,4584.22021484375,4588.91015625,4588.91015625,1926360000,0.18448355371651903,-44.53083967717689
2015-07-30,4570.77001953125,4606.64990234375,4540.97998046875,4598.58984375,4598.58984375,1908480000,0.21093652240753435,-44.647598108795236
2015-07-29,4570.5,4586.77978515625,4552.759765625,4581.60009765625,4581.60009765625,1898100000,-0.36945556509765387,-44.442337231860165
2015-07-28,4539.47021484375,4568.7900390625,4506.18994140625,4560.22998046875,4560.22998046875,2025110000,-0.46643348899944037,-44.181983309118586
2015-07-27,4530.3701171875,4551.990234375,4511.919921875,4519.08984375,4519.08984375,1935470000,-0.9021504813343073,-43.67383655447766
2015-07-24,4630.9501953125,4632.06005859375,4552.39990234375,4557.3701171875,4557.3701171875,2004380000,0.8470792739481148,-44.14695611311262
2015-07-23,4627.56005859375,4641.580078125,4592.490234375,4602.830078125,4602.830078125,2003310000,0.9975042572481385,-44.69859003186304
2015-07-22,4604.97021484375,4643.830078125,4604.52978515625,4623.240234375,4623.240234375,2035730000,0.443426237848743,-44.94272841989287
2015-07-21,4679.5400390625,4686.35986328125,4661.759765625,4674.41015625,4674.41015625,1774570000,1.1067978145400836,-45.54543040607564
2015-07-20,4670.22998046875,4694.1298828125,4657.97998046875,4679.68017578125,4679.68017578125,1814180000,0.11274191513133136,-45.606754392875196
2015-07-17,4635.47998046875,4661.60009765625,4624.68017578125,4661.60009765625,4661.60009765625,1854450000,-0.38635285844040856,-45.39578946464302
2015-07-16,4567.06005859375,4595.02001953125,4558.31982421875,4594.89990234375,4594.89990234375,1823530000,-1.4308433566842305,-44.60314727765318
2015-07-15,4531.31982421875,4547.18017578125,4517.39990234375,4528.35986328125,4528.35986328125,1691350000,-1.4481281524448386,-43.78914201849218
2015-07-14,4503.2001953125,4537.2099609375,4500.66015625,4523.47021484375,4523.47021484375,1682660000,-0.10797835386600063,-43.72838085044074
2015-07-13,4457.759765625,4498.740234375,4456.5400390625,4494.47021484375,4494.47021484375,1694140000,-0.6411007174278893,-43.365295352633304
2015-07-10,4405.990234375,4434.10986328125,4394.009765625,4420.14990234375,4420.14990234375,1590230000,-1.653594504966227,-42.41304055568499
2015-07-09,4410.27001953125,4414.43017578125,4351.509765625,4352.02978515625,4352.02978515625,1861600000,-1.541126855253927,-41.511661057043135
2015-07-08,4392.509765625,4403.1298828125,4346.419921875,4351.580078125,4351.580078125,1931520000,-0.010333270989637544,-41.50561667390033
2015-07-07,4422.75,4434.91015625,4344.14990234375,4429.06005859375,4429.06005859375,2132080000,1.7805022331597309,-42.528891052138675
2015-07-06,4394.43994140625,4444.41015625,4394.43994140625,4418.66015625,4418.66015625,1741500000,-0.2348105965185754,-42.393625179790604
2015-07-02,4440.169921875,4445.830078125,4417.47998046875,4433.39013671875,4433.39013671875,1490810000,0.33335852832934165,-42.585022902483516
2015-07-01,4433.7900390625,4445.89990234375,4409.419921875,4429.22998046875,4429.22998046875,1814560000,-0.09383690858930649,-42.53109585943786
2015-06-30,4414.85986328125,4420.5,4381.93994140625,4396.759765625,4396.759765625,2034430000,-0.7330893854446852,-42.10668612050511
2015-06-29,4433.10986328125,4460.080078125,4377.22998046875,4379.8701171875,4379.8701171875,2025580000,-0.3841385324153346,-41.88343801219491
2015-06-26,4514.3701171875,4523.97021484375,4469.22998046875,4484.27978515625,4484.27978515625,3843810000,2.383853063565189,-43.236594200334174
2015-06-25,4540.39990234375,4546.14990234375,4508.66015625,4514.009765625,4514.009765625,1614760000,0.6629822823982057,-43.61044694620438
2015-06-24,4542.06982421875,4561.64013671875,4523.89990234375,4524.60009765625,4524.60009765625,1628800000,0.2346103039452263,-43.74243299514665
2015-06-23,4549.52001953125,4551.77001953125,4529.990234375,4548.740234375,4548.740234375,1613540000,0.5335308358246804,-44.04099156059262
2015-06-22,4541.85009765625,4557.97998046875,4534.759765625,4544.0400390625,4544.0400390625,1619970000,-0.10332960490864185,-43.983109528986816
2015-06-19,4538.7099609375,4539.490234375,4511.2099609375,4513.419921875,4513.419921875,2468310000,-0.6738522751621123,-43.603077584166314
2015-06-18,4483.60986328125,4540.68994140625,4483.60986328125,4531.85009765625,4531.85009765625,1877920000,0.40834170319330454,-43.83243318314848
2015-06-17,4465.169921875,4482.27001953125,4441.33984375,4468.97998046875,4468.97998046875,1712820000,-1.3872947214210507,-43.04226148326501
2015-06-16,4428.2998046875,4463.2001953125,4426.18994140625,4455.89990234375,4455.89990234375,1654820000,-0.2926859861123843,-42.87506480336869
2015-06-15,4416.14013671875,4437.97021484375,4396.1298828125,4432.919921875,4432.919921875,1790280000,-0.5157203027981616,-42.57893270122551
2015-06-12,4467.3798828125,4476.2099609375,4449.2099609375,4453.7900390625,4453.7900390625,1428900000,0.4707984253113251,-42.84800340124644
2015-06-11,4498.490234375,4511.31982421875,4483.83984375,4488.47021484375,4488.47021484375,1623950000,0.778666607026457,-43.28958843878091
2015-06-10,4440.5400390625,4497.509765625,4435.2900390625,4485.4599609375,4485.4599609375,1792980000,-0.06706636698389223,-43.25152930116428
2015-06-09,4421.02001953125,4441.6201171875,4392.4501953125,4427.60986328125,4427.60986328125,1754340000,-1.2897249816083312,-42.51006727692497
2015-06-08,4476.68994140625,4477.830078125,4423.7998046875,4431.509765625,4431.509765625,1712210000,0.08808143590275375,-42.560660671778315
2015-06-05,4483.43017578125,4493.43017578125,4452.31982421875,4477.18994140625,4477.18994140625,1842890000,1.0308039065058283,-43.14670664070317
2015-06-04,4501.72998046875,4526.2099609375,4475.0498046875,4487.02978515625,4487.02978515625,1813960000,0.219777223633022,-43.271383219668415
2015-06-03,4531.0400390625,4539.35009765625,4512.43994140625,4519.85986328125,4519.85986328125,1852680000,0.7316661510384126,-43.68343248162704
2015-06-02,4503.759765625,4531.080078125,4486.18994140625,4508.89013671875,4508.89013671875,1729750000,-0.24270059015804035,-43.54641930812251
2015-06-01,4530.02978515625,4535.43017578125,4488.169921875,4521.85009765625,4521.85009765625,1902120000,0.28743128673636154,-43.70821949714866
2015-05-29,4532.14990234375,4539.56982421875,4499.64990234375,4508.25,4508.25,2024170000,-0.3007640094769837,-43.5384033352049
2015-05-28,4537.47998046875,4548.240234375,4523.5498046875,4535.66015625,4535.66015625,1741420000,0.6079999168191685,-43.87961522793764
2015-05-27,4488.0498046875,4551.52978515625,4479.740234375,4546.06005859375,4546.06005859375,1809550000,0.22929192191392112,-44.00800036003017
2015-05-26,4516.6298828125,4521.85009765625,4456.759765625,4472.9599609375,4472.9599609375,1731950000,-1.6079879437154276,-43.09294172382617
2015-05-22,4522.85986328125,4542.4599609375,4522.60986328125,4527.16015625,4527.16015625,1544920000,1.2117299458486608,-43.77424602205612
2015-05-21,4499.419921875,4537.27978515625,4495.39013671875,4529.47021484375,4529.47021484375,1683670000,0.051026659407238384,-43.802921513892045
2015-05-20,4505.58984375,4533.919921875,4484.52001953125,4505.2998046875,4505.2998046875,1786830000,-0.5336255458097461,-43.501430715171175
2015-05-19,4514.669921875,4521.85009765625,4498.52978515625,4503.72021484375,4503.72021484375,1750980000,-0.03506070433108022,-43.481614971303564
2015-05-18,4487.14013671875,4521.009765625,4483.759765625,4512.9501953125,4512.9501953125,1643870000,0.2049412491994751,-43.597207558716114
2015-05-15,4505.39013671875,4509.1298828125,4482.5498046875,4494.2900390625,4494.2900390625,1667260000,-0.4134802167633511,-43.363024871185296
2015-05-14,4461.06982421875,4496.25,4448.3798828125,4495.0400390625,4495.0400390625,1741970000,0.016687841538520765,-43.372474782860714
2015-05-13,4436.080078125,4460.5400390625,4421.75,4426.56005859375,4426.56005859375,1672260000,-1.5234565181544535,-42.496432942349614
2015-05-12,4412.81982421875,4441.39990234375,4380.52001953125,4420.64990234375,4420.64990234375,1705870000,-0.1335157813690091,-42.419553959903425
2015-05-11,4457.6201171875,4468.75,4437.52978515625,4438.64013671875,4438.64013671875,1731390000,0.4069590393363187,-42.652933032721016
2015-05-08,4445.0,4466.169921875,4441.72998046875,4458.64990234375,4458.64990234375,1978760000,0.4508084685547864,-42.91029824291462
2015-05-07,4377.81005859375,4413.72998046875,4373.2900390625,4401.5498046875,4401.5498046875,2042960000,-1.2806589193341766,-42.16968920969998
2015-05-06,4420.2998046875,4429.9599609375,4349.93017578125,4379.75,4379.75,2144620000,-0.4952756564127525,-41.88184413172841
2015-05-05,4464.2099609375,4472.22998046875,4407.27001953125,4409.39013671875,4409.39013671875,2069490000,0.6767540777156134,-42.27251722536831
2015-05-04,4491.18994140625,4510.47021484375,4480.85009765625,4482.60986328125,4482.60986328125,1668200000,1.6605408977711011,-43.215447936007045
2015-05-01,4437.7001953125,4479.06005859375,4435.240234375,4479.06005859375,4479.06005859375,1854400000,-0.07919057860863443,-43.17044428201326
2015-04-30,4459.22998046875,4480.35986328125,4395.10009765625,4414.25,4414.25,2269290000,-1.446956677202893,-42.33607222879028
2015-04-29,4490.56982421875,4517.009765625,4463.97998046875,4488.14990234375,4488.14990234375,1871300000,1.674121364756198,-43.285541102105796
2015-04-28,4529.41015625,4537.14990234375,4479.009765625,4515.27001953125,4515.27001953125,2032500000,0.6042605032719139,-43.62618579553129
2015-04-27,4548.509765625,4562.330078125,4516.330078125,4525.0400390625,4525.0400390625,2172470000,0.21637730388190946,-43.74790256733312
2015-04-24,4529.72998046875,4543.64013671875,4517.8798828125,4536.77978515625,4536.77978515625,1895150000,0.25943960699588153,-43.893465140870646
2015-04-23,4445.169921875,4496.080078125,4444.2900390625,4477.06982421875,4477.06982421875,1858620000,-1.3161309070557792,-43.14518129980688
2015-04-22,4448.580078125,4466.83984375,4419.35009765625,4460.81005859375,4460.81005859375,1696380000,-0.363178736615688,-42.937944045905866
2015-04-21,4444.5,4448.68017578125,4430.97998046875,4435.97998046875,4435.97998046875,1721260000,-0.5566271102972586,-42.6185433016393
2015-04-20,4373.64990234375,4423.8798828125,4373.08984375,4417.39990234375,4417.39990234375,1646340000,-0.41884945844675725,-42.377190476006255
2015-04-17,4379.6298828125,4390.31005859375,4333.10986328125,4351.7998046875,4351.7998046875,1985190000,-1.4850386903265012,-41.50857011163889
2015-04-16,4412.14990234375,4427.22021484375,4408.9599609375,4418.830078125,4418.830078125,1662850000,1.540288534534584,-42.395840377715935
2015-04-15,4409.740234375,4435.27978515625,4406.0400390625,4424.52978515625,4424.52978515625,1795530000,0.12898678904775807,-42.47004641758255
2015-04-14,4409.2900390625,4418.8701171875,4375.10986328125,4397.64013671875,4397.64013671875,1571360000,-0.6077402513530727,-42.11827588193997
2015-04-13,4428.1298828125,4448.2001953125,4407.06982421875,4409.2099609375,4409.2099609375,1544190000,0.2630916550480311,-42.27015827798303
2015-04-10,4402.02001953125,4422.6298828125,4394.3798828125,4422.02001953125,4422.02001953125,244120000,0.2905295666851382,-42.43739466583306
2015-04-09,4375.77978515625,4405.64990234375,4361.22998046875,4403.9501953125,4403.9501953125,1729750000,-0.4086327999181072,-42.20120985132976
2015-04-08,4345.22998046875,4382.81982421875,4345.08984375,4375.9599609375,4375.9599609375,1714210000,-0.6355710926248093,-41.83150772944239
2015-04-07,4349.2998046875,4379.41015625,4343.740234375,4344.080078125,4344.080078125,1572940000,-0.7285231834175621,-41.40462685164662
2015-04-06,4286.16015625,4361.56005859375,4283.91015625,4350.97998046875,4350.97998046875,1737560000,0.15883460294607854,-41.49754898742617
2015-04-02,4316.240234375,4327.7900390625,4302.490234375,4316.009765625,4316.009765625,1563670000,-0.8037319178835323,-41.023536324829834
2015-04-01,4328.169921875,4334.56005859375,4284.06005859375,4311.259765625,4311.259765625,1874960000,-0.11005535802609545,-40.95855805451296
2015-03-31,4364.14013671875,4377.35986328125,4333.68994140625,4333.68994140625,4333.68994140625,1837660000,0.520269642764104,-41.264142888481494
2015-03-30,4359.77978515625,4384.18017578125,4359.77978515625,4382.81982421875,4382.81982421875,1778520000,1.1336732317438925,-41.92255137719801
2015-03-27,4314.60009765625,4342.93017578125,4309.52001953125,4332.85986328125,4332.85986328125,1678650000,-1.1399045121916584,-41.25289042436315
2015-03-26,4288.16015625,4340.16015625,4280.9501953125,4315.259765625,4315.259765625,2004960000,-0.40620048216656324,-41.01328610812012
2015-03-25,4437.3798828125,4442.5400390625,4329.2900390625,4329.2900390625,4329.2900390625,2219520000,0.32513160735452296,-41.20444902804819
2015-03-24,4444.39013671875,4467.7900390625,4430.97021484375,4430.990234375,4430.990234375,1611670000,2.3491194721276587,-42.55392593976992
2015-03-23,4454.14990234375,4466.33984375,4445.52001953125,4445.5400390625,4445.5400390625,1608880000,0.32836462997873905,-42.74194115283642
2015-03-20,4468.2900390625,4478.68017578125,4456.41015625,4458.5400390625,4458.5400390625,2825670000,0.2924279139490338,-42.908891490501134
2015-03-19,4424.7900390625,4440.009765625,4419.83984375,4426.81982421875,4426.81982421875,1674970000,-0.7114484689122569,-42.49980724955651
2015-03-18,4366.7998046875,4440.490234375,4344.490234375,4422.5,4422.5,1983570000,-0.0975830142242673,-42.443642020562464
2015-03-17,4355.830078125,4384.97998046875,4349.68994140625,4375.6298828125,4375.6298828125,1724370000,-1.059810450819676,-41.82711975619582
2015-03-16,4338.2900390625,4371.4599609375,4327.27001953125,4370.47021484375,4370.47021484375,1713480000,-0.11791829078179328,-41.75844230683935
2015-03-13,4328.08984375,4347.8701171875,4289.2998046875,4314.89990234375,4314.89990234375,1851410000,-1.2714950512936252,-41.008366607577415
2015-03-12,4302.72998046875,4339.2001953125,4300.8701171875,4336.22998046875,4336.22998046875,1855110000,0.49433541003844894,-41.29854866771937
2015-03-11,4336.0498046875,4342.8701171875,4304.27978515625,4305.3798828125,4305.3798828125,1846020000,-0.7114497569364442,-40.877924807466314
2015-03-10,4376.02978515625,4381.6201171875,4329.080078125,4329.080078125,4329.080078125,1876010000,0.5504786094977066,-41.20159743630579
2015-03-09,4406.8701171875,4424.22021484375,4391.6201171875,4412.990234375,4412.990234375,1696510000,1.9382906930735855,-42.31961104710834
2015-03-06,4442.18994140625,4453.93017578125,4389.81982421875,4399.22998046875,4399.22998046875,1918220000,-0.3118124712596093,-42.13919383752239
2015-03-05,4454.89013671875,4464.47998046875,4433.93994140625,4452.06005859375,4452.06005859375,1724200000,1.2008937554878862,-42.82579529161524
2015-03-04,4442.41015625,4452.3701171875,4421.0,4445.35986328125,4445.35986328125,1824830000,-0.15049651676568576,-42.73962041485279
2015-03-03,4466.52978515625,4473.64013671875,4433.509765625,4458.77978515625,4458.77978515625,2018900000,0.30188606294507814,-42.9119612474554
2015-03-02,4452.7998046875,4483.97021484375,4450.85986328125,4483.0498046875,4483.0498046875,1931110000,0.5443197623719254,-43.221020453997404
2015-02-27,4459.85986328125,4464.31005859375,4435.66015625,4440.669921875,4440.669921875,1955590000,-0.9453359801666172,-42.67914579505925
2015-02-26,4443.5498046875,4463.81005859375,4430.7900390625,4462.27001953125,4462.27001953125,1905550000,0.4864152940043276,-42.95661355096535
2015-02-25,4441.080078125,4461.10986328125,4429.89990234375,4440.58984375,4440.58984375,1848560000,-0.48585530876339433,-42.67811211559557
2015-02-24,4442.1298828125,4455.52001953125,4428.81982421875,4451.02978515625,4451.02978515625,1834890000,0.2351025826207387,-42.81256126100559
2015-02-23,4441.259765625,4449.490234375,4430.8701171875,4449.490234375,4449.490234375,1754850000,-0.03458864252906535,-42.79277405812376
2015-02-20,4406.75,4444.6201171875,4397.6201171875,4443.0498046875,4443.0498046875,1761140000,-0.1447453381905106,-42.70984923565004
2015-02-19,4388.919921875,4415.7900390625,4388.43994140625,4411.85986328125,4411.85986328125,1592890000,-0.7019939630958927,-42.30483264381153
2015-02-18,4378.72998046875,4393.18994140625,4374.22998046875,4390.91015625,4390.91015625,1684800000,-0.4748497840017296,-42.02956013532929
2015-02-17,4379.31982421875,4387.31982421875,4370.6298828125,4385.33984375,4385.33984375,1751490000,-0.12686008826828798,-41.955925371020456
2015-02-13,4359.77978515625,4384.02978515625,4351.02001953125,4384.02978515625,4384.02978515625,1942240000,-0.02987359339133855,-41.93858033859357
2015-02-12,4321.41015625,4347.97021484375,4317.97998046875,4347.97021484375,4347.97021484375,2075470000,-0.8225211068271676,-41.45705223668147
2015-02-11,4284.759765625,4305.35009765625,4277.64990234375,4297.27978515625,4297.27978515625,1793630000,-1.1658412358586445,-40.76648347559077
2015-02-10,4240.0400390625,4286.43017578125,4232.990234375,4281.16015625,4281.16015625,1773730000,-0.3751123899805364,-40.54345460716785
2015-02-09,4209.81005859375,4235.240234375,4206.759765625,4216.08984375,4216.08984375,1654680000,-1.5199224071308026,-39.625813823346014
2015-02-06,4259.97998046875,4271.27978515625,4214.89013671875,4228.68017578125,4228.68017578125,2034060000,0.298625800157315,-39.80556992181713
2015-02-05,4229.6201171875,4258.0,4220.169921875,4256.18017578125,4256.18017578125,2036590000,0.650321113370067,-40.19449773003573
2015-02-04,4202.43017578125,4248.83984375,4198.740234375,4221.2001953125,4221.2001953125,2212960000,-0.8218632441313267,-39.69890519603314
2015-02-03,4201.93994140625,4229.14990234375,4174.22998046875,4229.14990234375,4229.14990234375,2153520000,0.18832812146833966,-39.81225564433234
2015-02-02,4162.2001953125,4189.08984375,4094.72998046875,4188.58984375,4188.58984375,2006450000,-0.9590593743502018,-39.22942979392489
2015-01-30,4178.6201171875,4210.85009765625,4144.02978515625,4148.43017578125,4148.43017578125,2264230000,-0.9587873118843127,-38.64112872139016
2015-01-29,4134.52001953125,4189.5400390625,4103.7099609375,4181.35009765625,4181.35009765625,2110710000,0.7935513068820121,-39.12420935363912
2015-01-28,4233.740234375,4235.14990234375,4140.3798828125,4140.3798828125,4140.3798828125,2118680000,-0.9798322045961871,-38.521826410006824
2015-01-27,4200.8798828125,4209.41015625,4151.14990234375,4165.5,4165.5,1954160000,0.6067104444154703,-38.892571560661985
2015-01-26,4271.10009765625,4282.47998046875,4254.47021484375,4275.72021484375,4275.72021484375,1717510000,2.6460260435421823,-40.46780884296837
2015-01-23,4268.52978515625,4292.8798828125,4258.47998046875,4278.14013671875,4278.14013671875,1653830000,0.05659682470799954,-40.50148311427404
2015-01-22,4215.0,4274.14990234375,4173.5400390625,4270.35986328125,4270.35986328125,1996550000,-0.18186111695414064,-40.39308130615547
2015-01-21,4158.1298828125,4211.27978515625,4145.81982421875,4192.08984375,4192.08984375,1847420000,-1.8328670659411128,-39.280167493652016
2015-01-20,4164.43017578125,4181.33984375,4117.14990234375,4171.2099609375,4171.2099609375,1835040000,-0.49807813264378664,-38.97622139671609
2015-01-16,4087.8798828125,4143.52978515625,4078.85009765625,4142.14013671875,4142.14013671875,1970520000,-0.6969158707181511,-38.547952323577825
2015-01-15,4162.10986328125,4169.43994140625,4085.699951171875,4089.64990234375,4089.64990234375,1976260000,-1.2672249765209753,-37.759221634549775
2015-01-14,4122.080078125,4165.0,4108.31982421875,4145.83984375,4145.83984375,2073810000,1.3739548065972107,-38.60279153142033
2015-01-13,4212.990234375,4252.7001953125,4134.93994140625,4166.2001953125,4166.2001953125,2162180000,0.49110318608167614,-38.902841622816055
2015-01-12,4221.52001953125,4223.8798828125,4158.10986328125,4169.97021484375,4169.97021484375,1861960000,0.09049059945538396,-38.95807882320802
2015-01-09,4250.97998046875,4253.97021484375,4188.60986328125,4213.27978515625,4213.27978515625,1715830000,1.03860622693015,-39.58554709306523
2015-01-08,4195.490234375,4247.93017578125,4192.6298828125,4240.5498046875,4240.5498046875,2105450000,0.6472397021276555,-39.97405881598398
2015-01-07,4139.85009765625,4169.97021484375,4126.39013671875,4160.0,4160.0,1957950000,-1.8995132328940012,-38.81178048940805
2015-01-06,4174.77978515625,4176.259765625,4090.330078125,4110.830078125,4110.830078125,2167320000,-1.1819692758413436,-38.0799039788668
2015-01-05,4206.5498046875,4210.9599609375,4151.85009765625,4160.9599609375,4160.9599609375,1794470000,1.219458889319136,-38.82589701567045
2015-01-02,4258.60009765625,4276.7099609375,4206.4599609375,4230.240234375,4230.240234375,1435150000,1.665006971657812,-39.827768859167364
2014-12-31,4294.8798828125,4307.009765625,4233.7099609375,4236.27978515625,4236.27978515625,1515600000,0.14277086989462617,-39.913554799668646
2014-12-30,4301.14013671875,4309.1298828125,4277.75,4282.35009765625,4282.35009765625,1269200000,1.0875181724641525,-40.559975863866185
2014-12-29,4309.7001953125,4321.2001953125,4306.669921875,4312.64013671875,4312.64013671875,1227740000,0.7073228104137907,-40.977455782403815
2014-12-26,4295.72021484375,4322.4501953125,4294.7998046875,4314.08984375,4314.08984375,930220000,0.033615302582434836,-40.9972897219956
2014-12-24,4283.18994140625,4298.8701171875,4281.7998046875,4283.10009765625,4283.10009765625,729750000,-0.7183379859055594,-40.57038421694822
2014-12-23,4308.9501953125,4309.02978515625,4274.509765625,4279.2998046875,4279.2998046875,1590820000,-0.08872762443328241,-40.517606902596825
2014-12-22,4271.8701171875,4295.27001953125,4270.5400390625,4293.669921875,4293.669921875,1720070000,0.3358053383349935,-40.71668344433279
2014-12-19,4272.75,4300.39990234375,4258.330078125,4281.77978515625,4281.77978515625,3287920000,-0.276922468077323,-40.55205873816937
2014-12-18,4230.35009765625,4267.77001953125,4213.2099609375,4267.77001953125,4267.77001953125,2172260000,-0.3271949125820961,-40.35690958061039
2014-12-17,4095.75,4175.97021484375,4089.090087890625,4165.10009765625,4165.10009765625,2279930000,-2.40570418286683,-38.88670447385003
2014-12-16,4122.22998046875,4190.419921875,4089.18994140625,4089.60009765625,4089.60009765625,2231670000,-1.8126815257689666,-37.758463642951035
2014-12-15,4224.169921875,4236.06005859375,4145.009765625,4157.41015625,4157.41015625,2143610000,1.6581097656128252,-38.773663507460796
2014-12-12,4207.60986328125,4254.43017578125,4199.27978515625,4199.27978515625,4199.27978515625,1888870000,1.0071084481117598,-39.38413104460691
2014-12-11,4241.68994140625,4296.81005859375,4238.2900390625,4246.47998046875,4246.47998046875,1873050000,1.1240069185040946,-40.057884569147404
2014-12-10,4284.5,4297.0,4218.85009765625,4224.8701171875,4224.8701171875,1850810000,-0.5088888533713143,-39.75128557715
2014-12-09,4228.2099609375,4297.72998046875,4216.8701171875,4294.669921875,4294.669921875,1950330000,1.6521171716863625,-40.730487372838155
2014-12-08,4301.27001953125,4320.080078125,4259.009765625,4278.33984375,4278.33984375,1966770000,-0.38024058710128816,-40.50426042337173
2014-12-05,4318.27978515625,4324.419921875,4302.0400390625,4311.56982421875,4311.56982421875,1767100000,0.776702685675934,-40.9628039109432
2014-12-04,4309.47998046875,4327.5498046875,4293.93994140625,4311.93017578125,4311.93017578125,1724090000,0.008357780975165596,-40.96773769813108
2014-12-03,4312.169921875,4319.02001953125,4287.0400390625,4312.93017578125,4312.93017578125,1734510000,0.023191470159167338,-40.98142497334675
2014-12-02,4291.330078125,4312.919921875,4283.89013671875,4305.9599609375,4305.9599609375,1839170000,-0.16161204934154183,-40.88588944783337
2014-12-01,4323.9501953125,4332.5498046875,4274.68017578125,4287.81005859375,4287.81005859375,1893600000,-0.4215065283560637,-40.63566489987115
2014-11-28,4330.9599609375,4347.08984375,4326.2099609375,4337.7900390625,4337.7900390625,998600000,1.1656295354916413,-41.31966027127599
2014-11-26,4291.8701171875,4319.41015625,4289.509765625,4317.990234375,4317.990234375,1362930000,-0.4564491252273539,-41.05058618760265
2014-11-25,4290.68017578125,4302.43994140625,4279.89990234375,4288.22998046875,4288.22998046875,1720140000,-0.6892154055683664,-40.64147811022062
2014-11-24,4262.08984375,4285.0,4258.41015625,4284.31982421875,4284.31982421875,1568130000,-0.09118345489419477,-40.58730356096171
2014-11-21,4284.41015625,4285.27001953125,4237.3798828125,4251.31982421875,4251.31982421875,1854340000,-0.7702506197939551,-40.12612466509998
2014-11-20,4204.5400390625,4245.169921875,4202.35986328125,4242.08984375,4242.08984375,1667330000,-0.21710858863567273,-39.99585050300421
2014-11-19,4233.7099609375,4235.83984375,4204.16015625,4222.66015625,4222.66015625,1641560000,-0.45802159349892513,-39.71975395952455
2014-11-18,4215.18017578125,4248.18994140625,4214.31982421875,4242.18994140625,4242.18994140625,1655760000,0.4624995721558056,-39.9972663459563
2014-11-17,4215.2900390625,4225.47998046875,4194.18017578125,4213.7900390625,4213.7900390625,1695070000,-0.6694632427122205,-39.592862766201286
2014-11-14,4214.97021484375,4225.18017578125,4198.58984375,4224.990234375,4224.990234375,1739950000,0.26579860905913133,-39.75299845829895
2014-11-13,4202.77001953125,4228.68017578125,4194.330078125,4213.47998046875,4213.47998046875,1857580000,-0.27243267481664724,-39.58841756838143
2014-11-12,4174.47021484375,4199.18994140625,4173.02001953125,4195.39990234375,4195.39990234375,1773060000,-0.42910084321768904,-39.3280738215533
2014-11-11,4173.60986328125,4187.31005859375,4165.25,4187.16015625,4187.16015625,1663690000,-0.19639953962784507,-39.20867994883913
2014-11-10,4162.58984375,4179.97998046875,4151.47998046875,4175.9501953125,4175.9501953125,1830010000,-0.2677222871632301,-39.04549114359966
2014-11-07,4170.4599609375,4171.1298828125,4139.4599609375,4160.5,4160.5,1978830000,-0.36998035392862283,-38.819133958884144
2014-11-06,4147.31005859375,4165.77001953125,4133.97998046875,4164.080078125,4164.080078125,1986820000,0.08604922785722113,-38.871734359470345
2014-11-05,4179.22998046875,4179.93017578125,4140.2099609375,4153.27001953125,4153.27001953125,2001870000,-0.25960256265334936,-38.71263077838821
2014-11-04,4154.8798828125,4165.0498046875,4126.72021484375,4156.22998046875,4156.22998046875,1939320000,0.0712682036944523,-38.756278078877024
2014-11-03,4160.60009765625,4179.35986328125,4156.7900390625,4169.27978515625,4169.27978515625,2033000000,0.3139817755231089,-38.94797032564148
2014-10-31,4168.5,4170.8701171875,4143.2001953125,4158.2099609375,4158.2099609375,2424360000,-0.2655092675277304,-38.785439995753876
2014-10-30,4074.260009765625,4109.06005859375,4064.449951171875,4100.64013671875,4100.64013671875,2034960000,-1.3844857465006521,-37.92603479520573
2014-10-29,4091.6201171875,4104.06005859375,4062.489990234375,4090.550048828125,4090.550048828125,2184050000,-0.24606128687748585,-37.77291803654014
2014-10-28,4063.070068359375,4107.18994140625,4062.2099609375,4106.6298828125,4106.6298828125,1966920000,0.39309710900570227,-38.01657309576335
2014-10-27,4031.8798828125,4052.5,4019.22998046875,4046.02001953125,4046.02001953125,1585580000,-1.4759027477718623,-37.088053955414566
2014-10-24,4019.840087890625,4045.18994140625,4003.429931640625,4042.02001953125,4042.02001953125,1754300000,-0.09886258547142646,-37.025796029188975
2014-10-23,3989.860107421875,4032.219970703125,3984.14990234375,4012.27001953125,4012.27001953125,1952380000,-0.7360181259926102,-36.558857722691215
2014-10-22,3980.489990234375,3988.39990234375,3947.97998046875,3949.590087890625,3949.590087890625,1967020000,-1.5622062158206385,-35.552047807571995
2014-10-21,3916.64990234375,3971.39990234375,3908.830078125,3971.389892578125,3971.389892578125,1997580000,0.5519510683991591,-35.90581633907023
2014-10-20,3813.60009765625,3872.360107421875,3804.969970703125,3870.080078125,3870.080078125,1717370000,-2.5509913957946106,-34.227977709602065
2014-10-17,3815.719970703125,3848.97998046875,3791.159912109375,3815.469970703125,3815.469970703125,2260070000,-1.4110846886747797,-33.28659506730317
2014-10-16,3706.699951171875,3795.080078125,3704.830078125,3765.280029296875,3765.280029296875,2591940000,-1.3154327459429793,-32.3973273744541
2014-10-15,3738.719970703125,3801.419921875,3700.22998046875,3785.969970703125,3785.969970703125,3058740000,0.5494927666804594,-32.766769114972895
2014-10-14,3837.219970703125,3860.0400390625,3801.159912109375,3810.449951171875,3810.449951171875,2496120000,0.6465973226988719,-33.198704503183485
2014-10-13,3866.889892578125,3893.659912109375,3807.889892578125,3808.0,3808.0,2467830000,-0.06429558722117479,-33.155726585067626
2014-10-10,3946.320068359375,3969.47998046875,3870.860107421875,3870.860107421875,3870.860107421875,2765750000,1.6507381150702383,-34.2412316384131
2014-10-09,4031.6201171875,4040.5400390625,3965.3701171875,3969.320068359375,3969.320068359375,2264220000,2.5436197177137965,-35.872394067412195
2014-10-08,3960.7900390625,4048.7900390625,3938.159912109375,4041.1201171875,4041.1201171875,2451630000,1.8088752630573746,-37.011772532706374
2014-10-07,3999.25,4007.93994140625,3958.43994140625,3958.590087890625,3958.590087890625,2111360000,-2.0422562780517795,-35.698572594643586
2014-10-06,4041.39990234375,4046.7099609375,4004.2099609375,4016.27001953125,4016.27001953125,1828240000,1.4570827077314386,-36.62204186316862
2014-10-03,4004.75,4040.56005859375,3995.81005859375,4027.31005859375,4027.31005859375,1777640000,0.2748828890690058,-36.79577945062829
2014-10-02,3984.800048828125,3996.75,3934.93994140625,3985.8701171875,3985.8701171875,2165500000,-1.0289732055226986,-36.138663408412185
2014-10-01,4043.330078125,4043.43994140625,3972.909912109375,3984.739990234375,3984.739990234375,2312630000,-0.028353331139707727,-36.12055145683652
2014-09-30,4054.860107421875,4070.43994140625,4031.699951171875,4049.449951171875,4049.449951171875,2200380000,1.6239443751935756,-37.141341112167595
2014-09-29,4009.659912109375,4056.429931640625,4008.580078125,4047.179931640625,4047.179931640625,1737750000,-0.056057478388960025,-37.106084369004776
2014-09-26,4016.969970703125,4057.469970703125,4015.02001953125,4053.719970703125,4053.719970703125,1637480000,0.16159496669199136,-37.2075538015243
2014-09-25,4079.3701171875,4087.18994140625,4007.6298828125,4007.820068359375,4007.820068359375,1939610000,-1.132290900098576,-36.48841793731993
2014-09-24,4055.419921875,4096.27001953125,4041.719970703125,4094.31005859375,4094.31005859375,1765260000,2.1580307688259026,-37.83006427913548
2014-09-23,4045.669921875,4069.2099609375,4043.260009765625,4051.570068359375,4051.570068359375,1847730000,-1.0438874834275413,-37.174233971193296
2014-09-22,4091.8701171875,4092.139892578125,4044.989990234375,4061.22998046875,4061.22998046875,1881520000,0.23842391829316245,-37.32366933460809
2014-09-19,4113.02001953125,4118.91015625,4084.449951171875,4100.08984375,4100.08984375,3178490000,0.9568496112787095,-37.917703546892554
2014-09-18,4084.510009765625,4103.419921875,4080.820068359375,4103.080078125,4103.080078125,1774840000,0.0729309475878459,-37.96294775694897
2014-09-17,4066.760009765625,4090.949951171875,4048.580078125,4073.570068359375,4073.570068359375,1796710000,-0.7192160329249631,-37.513535082856855
2014-09-16,4012.530029296875,4073.139892578125,4009.97998046875,4067.27001953125,4067.27001953125,1879350000,-0.15465669480093647,-37.416745890552306
2014-09-15,4070.199951171875,4070.820068359375,4018.300048828125,4029.889892578125,4029.889892578125,1940520000,-0.9190470948233997,-36.83624120032262
2014-09-12,4087.169921875,4089.6201171875,4057.530029296875,4069.22998046875,4069.22998046875,1784180000,0.9762075128424197,-37.44688936584982
2014-09-11,4077.68994140625,4092.7900390625,4060.919921875,4092.64990234375,4092.64990234375,1704850000,0.5755369440265001,-37.80484545763551
2014-09-10,4063.85009765625,4095.909912109375,4054.610107421875,4094.969970703125,4094.969970703125,1808650000,0.05668865929739919,-37.840083081157175
2014-09-09,4094.02001953125,4110.85986328125,4053.110107421875,4061.8798828125,4061.8798828125,1956550000,-0.8080666800333924,-37.33369757162451
2014-09-08,4086.52001953125,4105.5,4076.6298828125,4095.469970703125,4095.469970703125,1670210000,0.8269591632376505,-37.84767194365202
2014-09-05,4067.3701171875,4089.97998046875,4051.75,4089.919921875,4089.919921875,1641830000,-0.1355167750667685,-37.763330816665786
2014-09-04,4078.820068359375,4100.77978515625,4056.530029296875,4066.1298828125,4066.1298828125,1728700000,-0.5816749353760864,-37.39919763999331
2014-09-03,4103.97021484375,4104.43017578125,4063.489990234375,4070.9599609375,4070.9599609375,1897450000,0.11878809246641531,-37.47347171023419
2014-09-02,4093.1201171875,4095.8701171875,4078.18994140625,4095.81005859375,4095.81005859375,1859080000,0.6104235338764585,-37.85283264540422
2014-08-29,4081.02001953125,4082.969970703125,4062.179931640625,4082.56005859375,4082.56005859375,1352830000,-0.3235013296624678,-37.6511332323815
2014-08-28,4059.3701171875,4072.2900390625,4054.610107421875,4066.27001953125,4066.27001953125,1309580000,-0.3990152950281711,-37.40135506460891
2014-08-27,4073.39990234375,4078.18994140625,4064.070068359375,4073.179931640625,4073.179931640625,1389470000,0.1699324461037932,-37.50755001350117
2014-08-26,4073.050048828125,4076.5400390625,4062.72998046875,4071.669921875,4071.669921875,1469620000,-0.03707201230899182,-37.48437421301437
2014-08-25,4073.47998046875,4079.52001953125,4058.60009765625,4067.47998046875,4067.47998046875,1384620000,-0.10290474146098516,-37.419976401524146
2014-08-22,4052.139892578125,4060.89990234375,4040.219970703125,4052.75,4052.75,1311810000,-0.36214020817509907,-37.192525281830235
2014-08-21,4041.0,4048.949951171875,4035.75,4047.030029296875,4047.030029296875,1421730000,-0.14113801007031856,-37.10375477290777
2014-08-20,4032.909912109375,4046.969970703125,4032.199951171875,4040.7099609375,4040.7099609375,1502290000,-0.1561655909055104,-37.00537885055104
2014-08-19,4025.510009765625,4041.5,4024.169921875,4040.1298828125,4040.1298828125,1556560000,-0.014355846636060487,-36.99633414090522
2014-08-18,4007.18994140625,4022.47998046875,4003.4599609375,4020.5,4020.5,1571100000,-0.4858725680085052,-36.688722008689844
2014-08-15,3993.0,3997.080078125,3951.25,3987.510009765625,3987.510009765625,1799460000,-0.820544465473827,-36.16492684891747
2014-08-14,3953.27001953125,3969.239990234375,3949.080078125,3969.110107421875,3969.110107421875,1549820000,-0.4614383988676529,-35.869001797634624
2014-08-13,3924.469970703125,3949.68994140625,3921.43994140625,3949.199951171875,3949.199951171875,1611690000,-0.5016277127905755,-35.54568107180035
2014-08-12,3904.449951171875,3916.72998046875,3887.580078125,3905.22998046875,3905.22998046875,1560220000,-1.1133893256044747,-34.81997361561038
2014-08-11,3899.97998046875,3921.18994140625,3899.3701171875,3910.4599609375,3910.4599609375,1537880000,0.13392247050512118,-34.9071475717046
2014-08-08,3864.090087890625,3890.6298828125,3848.489990234375,3888.090087890625,3888.090087890625,1759060000,-0.5720522207191214,-34.532640085467335
2014-08-07,3889.68994140625,3895.739990234375,3845.199951171875,3857.93994140625,3857.93994140625,1866330000,-0.7754487628328643,-34.02100679896029
2014-08-06,3851.43994140625,3896.64990234375,3849.449951171875,3874.27001953125,3874.27001953125,1819310000,0.4232849233792857,-34.2991087660793
2014-08-05,3891.1298828125,3901.169921875,3858.64990234375,3874.93994140625,3874.93994140625,1916180000,0.0172915638719795,-34.31046751354639
2014-08-04,3890.6298828125,3922.25,3875.10009765625,3908.77001953125,3908.77001953125,1677400000,0.8730478055544388,-34.87900493194328
2014-08-01,3886.10009765625,3908.2099609375,3855.35009765625,3879.669921875,3879.669921875,2050340000,-0.744482215910458,-34.39055427657496
2014-07-31,3938.31005859375,3948.89990234375,3889.10009765625,3892.5,3892.5,2273380000,0.33070024985011326,-34.60680972021516
2014-07-30,3982.10009765625,3989.0,3960.2900390625,3976.070068359375,3976.070068359375,1872430000,2.1469510175818884,-35.98126069516344
2014-07-29,3974.06005859375,3983.419921875,3957.219970703125,3959.030029296875,3959.030029296875,2090810000,-0.42856485850439885,-35.705717996468586
2014-07-28,3966.31005859375,3977.0,3936.719970703125,3967.239990234375,3967.239990234375,1783250000,0.2073730402837537,-35.83877108754776
2014-07-25,3959.35009765625,3970.43994140625,3945.050048828125,3965.169921875,3965.169921875,1711430000,-0.05217905557693969,-35.8052748862532
2014-07-24,3994.179931640625,3997.5,3975.659912109375,3983.18994140625,3983.18994140625,1935090000,0.45445768747103266,-36.09569292239249
2014-07-23,3974.659912109375,3990.639892578125,3967.9599609375,3986.18994140625,3986.18994140625,1909810000,0.07531651877341616,-36.14378719889481
2014-07-22,3950.830078125,3966.10009765625,3949.090087890625,3961.6201171875,3961.6201171875,1724440000,-0.6163736445053192,-35.7477532841357
2014-07-21,3933.110107421875,3941.929931640625,3917.739990234375,3934.139892578125,3934.139892578125,1557820000,-0.6936612748444038,-35.29894713600154
2014-07-18,3899.3798828125,3942.14990234375,3894.56005859375,3939.889892578125,3939.889892578125,1823580000,0.14615647020705946,-35.39337390022883
2014-07-17,3921.8701171875,3933.8798828125,3866.219970703125,3878.010009765625,3878.010009765625,2055240000,-1.570599293372843,-34.362471338890046
2014-07-16,3943.60009765625,3947.489990234375,3927.010009765625,3932.330078125,3932.330078125,2059340000,1.4007201689161697,-35.269169142221955
2014-07-15,3934.7900390625,3940.550048828125,3887.5,3914.4599609375,3914.4599609375,1772030000,-0.4544409251631465,-34.973662854096396
2014-07-14,3923.60009765625,3937.72998046875,3916.530029296875,3929.4599609375,3929.4599609375,1579660000,0.3831946207059289,-35.22188909049654
2014-07-11,3888.760009765625,3905.39990234375,3879.39990234375,3904.580078125,3904.580078125,1511250000,-0.6331629043133002,-34.80912465078821
2014-07-10,3837.2900390625,3895.719970703125,3837.159912109375,3880.0400390625,3880.0400390625,1682920000,-0.6284936810486474,-34.39681276444624
2014-07-09,3873.169921875,3896.3798828125,3863.199951171875,3892.909912109375,3892.909912109375,1736960000,0.33169433607145304,-34.61369543326055
2014-07-08,3903.3701171875,3906.219970703125,3848.179931640625,3864.070068359375,3864.070068359375,2221820000,-0.7408299806859198,-34.12567871158259
2014-07-07,3917.889892578125,3923.919921875,3904.669921875,3910.7099609375,3910.7099609375,1691390000,1.207014669843387,-34.911308763219594
2014-07-03,3911.110107421875,3923.14990234375,3901.330078125,3923.010009765625,3923.010009765625,1001730000,0.314522144341689,-35.1153852448952
2014-07-02,3895.179931640625,3904.35009765625,3890.77001953125,3899.27001953125,3899.27001953125,1599480000,-0.6051473275693553,-34.72034717035002
2014-07-01,3864.139892578125,3902.929931640625,3863.81005859375,3894.330078125,3894.330078125,1942550000,-0.12668887718741972,-34.6375402039323
2014-06-30,3844.449951171875,3860.64990234375,3841.699951171875,3849.47998046875,3849.47998046875,1848110000,-1.1516768418830092,-33.876005472025625
2014-06-27,3825.02001953125,3844.889892578125,3823.2099609375,3844.43994140625,3844.43994140625,3964930000,-0.13092778993712972,-33.78931728844912
2014-06-26,3826.699951171875,3827.699951171875,3798.6298828125,3826.909912109375,3826.909912109375,1554070000,-0.4559839551157796,-33.48602423103303
2014-06-25,3794.840087890625,3831.85009765625,3792.31005859375,3827.330078125,3827.330078125,1722820000,0.010979250237785898,-33.493326165178175
2014-06-24,3807.489990234375,3837.169921875,3791.1201171875,3799.530029296875,3799.530029296875,2014700000,-0.7263561872286717,-33.006716304024806
2014-06-23,3802.25,3806.18994140625,3794.85009765625,3805.31005859375,3805.31005859375,1712930000,0.15212484839721707,-33.10847493512035
2014-06-20,3803.10009765625,3807.919921875,3794.510009765625,3802.639892578125,3802.639892578125,2721380000,-0.07016947303924992,-33.06150454559958
2014-06-19,3808.760009765625,3811.239990234375,3783.300048828125,3800.800048828125,3800.800048828125,1845460000,-0.04838332847638682,-33.02910179593793
2014-06-18,3786.18994140625,3807.489990234375,3764.530029296875,3804.610107421875,3804.610107421875,1860660000,0.10024359463278731,-33.09616860147887
2014-06-17,3775.72998046875,3790.919921875,3769.93994140625,3781.320068359375,3781.320068359375,1814360000,-0.6121531091206056,-32.684092178818744
2014-06-16,3768.3701171875,3789.929931640625,3761.419921875,3779.929931640625,3779.929931640625,1675120000,-0.03676326504021832,-32.65933555186783
2014-06-13,3782.840087890625,3784.840087890625,3759.8701171875,3775.56005859375,3775.56005859375,1754560000,-0.11560725002588423,-32.58139475633983
2014-06-12,3790.590087890625,3794.989990234375,3751.68994140625,3763.800048828125,3763.800048828125,1908190000,-0.31147722677216105,-32.37074502846783
2014-06-11,3789.409912109375,3803.949951171875,3783.610107421875,3797.85009765625,3797.85009765625,1778460000,0.904672096986836,-32.97708266022731
2014-06-10,3790.47998046875,3802.4599609375,3786.56005859375,3800.860107421875,3800.860107421875,1787120000,0.07925562326649427,-33.03016002430063
2014-06-09,3795.85009765625,3804.0400390625,3783.89990234375,3795.739990234375,3795.739990234375,1783060000,-0.134709435306557,-32.939823639409695
2014-06-06,3792.419921875,3795.139892578125,3782.1201171875,3794.570068359375,3794.570068359375,1616650000,-0.030821970893946116,-32.91914799873046
2014-06-05,3748.360107421875,3782.0,3735.18994140625,3776.949951171875,3776.949951171875,1926750000,-0.4643508189352885,-32.606204356749444
2014-06-04,3720.0,3750.010009765625,3715.239990234375,3743.590087890625,3743.590087890625,1610090000,-0.8832487513078968,-32.005645065833555
2014-06-03,3719.169921875,3735.969970703125,3715.4599609375,3730.070068359375,3730.070068359375,1718640000,-0.36115117344132086,-31.759192589103268
2014-06-02,3740.7099609375,3740.7099609375,3707.889892578125,3732.9599609375,3732.9599609375,1631310000,0.0774755574335817,-31.812021605467134
2014-05-30,3738.7099609375,3741.570068359375,3716.090087890625,3736.820068359375,3736.820068359375,1903660000,0.10340607620409337,-31.882459281530828
2014-05-29,3723.27001953125,3735.719970703125,3717.659912109375,3735.719970703125,3735.719970703125,1714000000,-0.029439406664633072,-31.862399976368337
2014-05-28,3720.889892578125,3726.719970703125,3708.64990234375,3712.260009765625,3712.260009765625,1785140000,-0.6279903504941897,-31.431798286097646
2014-05-27,3693.179931640625,3723.070068359375,3691.090087890625,3723.070068359375,3723.070068359375,1812330000,0.2911988536716814,-31.63088835547203
2014-05-23,3656.27001953125,3678.169921875,3646.22998046875,3677.330078125,3677.330078125,1536610000,-1.2285557186553553,-30.78048808339525
2014-05-22,3639.489990234375,3660.590087890625,3633.85009765625,3650.860107421875,3650.860107421875,1835810000,-0.7198149238923257,-30.278623208103983
2014-05-21,3605.7900390625,3636.469970703125,3605.510009765625,3635.610107421875,3635.610107421875,1703500000,-0.4177097875921909,-29.986168581601035
2014-05-20,3612.860107421875,3624.60009765625,3585.8798828125,3600.31005859375,3600.31005859375,1797910000,-0.9709525440052547,-29.29970224189947
2014-05-19,3577.85009765625,3618.9599609375,3572.280029296875,3615.6201171875,3615.6201171875,1601400000,0.42524278033235774,-29.599077083887593
2014-05-16,3568.199951171875,3590.409912109375,3545.6298828125,3587.199951171875,3587.199951171875,1741070000,-0.7860384967028122,-29.041314499096217
2014-05-15,3594.590087890625,3598.340087890625,3542.6298828125,3565.169921875,3565.169921875,2083030000,-0.6141288357700336,-28.60284397603331
2014-05-14,3603.580078125,3614.6298828125,3585.679931640625,3593.25,3593.25,1764430000,0.7876224342830751,-29.160789490276905
2014-05-13,3614.909912109375,3625.77001953125,3605.780029296875,3611.1298828125,3611.1298828125,1923480000,0.49759640471718214,-29.511537545192446
2014-05-12,3574.239990234375,3613.3701171875,3572.68994140625,3612.72998046875,3612.72998046875,1880020000,0.044310166296313014,-29.542757266615403
2014-05-09,3537.679931640625,3556.35009765625,3516.239990234375,3555.699951171875,3555.699951171875,1976160000,-1.5785854355346962,-28.412690423956853
2014-05-08,3533.389892578125,3583.639892578125,3524.85009765625,3540.419921875,3540.419921875,2411940000,-0.4297333719578633,-28.10372815062655
2014-05-07,3561.469970703125,3567.550048828125,3506.35009765625,3546.469970703125,3546.469970703125,2486030000,0.17088506340008358,-28.22637854914737
2014-05-06,3598.27001953125,3599.64990234375,3556.10009765625,3556.510009765625,3556.510009765625,1850610000,0.28309950867875244,-28.428995710646976
2014-05-05,3566.260009765625,3605.260009765625,3556.39990234375,3605.090087890625,3605.090087890625,1561170000,1.365948021841823,-29.39344455799766
2014-05-02,3608.840087890625,3611.56005859375,3578.530029296875,3587.639892578125,3587.639892578125,1844790000,-0.4840432523757099,-29.050015947630527
2014-05-01,3589.659912109375,3613.030029296875,3580.02001953125,3594.360107421875,3594.360107421875,2077040000,0.1873157575723372,-29.18266796961576
2014-04-30,3556.0,3585.5,3548.110107421875,3582.02001953125,3582.02001953125,2151400000,-0.34331807392209424,-28.938701688950218
2014-04-29,3557.77001953125,3579.030029296875,3538.239990234375,3573.989990234375,3573.989990234375,1911240000,-0.22417600273283433,-28.779041390832184
2014-04-28,3546.9599609375,3570.110107421875,3489.60009765625,3545.030029296875,3545.030029296875,2348320000,-0.8102977629100949,-28.197225112209047
2014-04-25,3569.919921875,3573.949951171875,3525.60009765625,3533.10009765625,3533.10009765625,2087140000,-0.3365255453983029,-27.95477452424331
2014-04-24,3609.830078125,3613.199951171875,3552.929931640625,3591.030029296875,3591.030029296875,2130870000,1.6396345996269268,-29.1169967704497
2014-04-23,3587.64990234375,3588.050048828125,3555.18994140625,3557.0400390625,3557.0400390625,1794760000,-0.9465248120197445,-28.43966040057555
2014-04-22,3570.510009765625,3596.919921875,3566.8701171875,3588.81005859375,3588.81005859375,1875930000,0.893158895664925,-29.07314987190952
2014-04-21,3543.64990234375,3559.949951171875,3525.590087890625,3559.949951171875,3559.949951171875,1544440000,-0.8041692636467812,-28.498154003465338
2014-04-17,3526.570068359375,3551.02001953125,3511.27001953125,3534.530029296875,3534.530029296875,1954720000,-0.7140527879228253,-27.983921184933656
2014-04-16,3517.5,3533.090087890625,3489.2900390625,3533.090087890625,3533.090087890625,1863110000,-0.04073926078755896,-27.954570409487257
2014-04-15,3484.2900390625,3505.669921875,3414.110107421875,3487.85009765625,3487.85009765625,2413110000,-1.280465233236805,-27.02008800919823
2014-04-14,3479.659912109375,3493.169921875,3443.260009765625,3474.6298828125,3474.6298828125,1890480000,-0.37903621066265325,-26.742415235885343
2014-04-11,3453.239990234375,3502.330078125,3440.550048828125,3446.85009765625,3446.85009765625,2264480000,-0.7995034318234784,-26.151997924962345
2014-04-10,3597.580078125,3599.639892578125,3479.14990234375,3487.760009765625,3487.760009765625,2421210000,1.1868781916913873,-27.018202957958792
2014-04-09,3552.070068359375,3602.35009765625,3544.090087890625,3600.43994140625,3600.43994140625,1957560000,3.2307249158521456,-29.302252695084874
2014-04-08,3511.820068359375,3543.97998046875,3499.0,3538.22998046875,3538.22998046875,2198900000,-1.727843317758615,-28.059228888694154
2014-04-07,3522.2099609375,3551.2099609375,3482.75,3507.75,3507.75,2554680000,-0.8614471257380463,-27.434112133401044
2014-04-04,3659.919921875,3663.780029296875,3532.280029296875,3539.3798828125,3539.3798828125,2621270000,0.9017142844415904,-28.082601587881882
2014-04-03,3670.429931640625,3675.699951171875,3617.409912109375,3637.580078125,3637.580078125,2067370000,2.7745028384595694,-30.02408532672981
2014-04-02,3670.330078125,3676.360107421875,3649.7900390625,3665.989990234375,3665.989990234375,2187100000,0.781011317942415,-30.566369836762973
2014-04-01,3615.909912109375,3659.159912109375,3614.159912109375,3658.39990234375,3658.39990234375,2153130000,-0.20704060597120932,-30.42231577772846
2014-03-31,3598.080078125,3618.419921875,3593.699951171875,3595.739990234375,3595.739990234375,2090850000,-1.7127682533894628,-29.209844467238288
2014-03-28,3576.179931640625,3609.080078125,3560.580078125,3571.489990234375,3571.489990234375,2029840000,-0.674409163784373,-28.729187577155045
2014-03-27,3578.5400390625,3594.080078125,3543.070068359375,3563.1298828125,3563.1298828125,2270650000,-0.23407898229406143,-28.56196615455875
2014-03-26,3645.72998046875,3654.68994140625,3582.840087890625,3582.889892578125,3582.889892578125,2455460000,0.5545688879022181,-28.955954328559596
2014-03-25,3640.260009765625,3659.590087890625,3600.64990234375,3629.72998046875,3629.72998046875,2270760000,1.3073270263664227,-29.872746861685194
2014-03-24,3665.3798828125,3665.580078125,3585.14990234375,3617.389892578125,3617.389892578125,2434650000,-0.3399726138590409,-29.633520100690912
2014-03-21,3711.469970703125,3717.360107421875,3643.35009765625,3653.070068359375,3653.070068359375,3245740000,0.9863513981297922,-30.3208018458896
2014-03-20,3675.6201171875,3705.31005859375,3665.830078125,3693.969970703125,3693.969970703125,1847270000,1.1196035547743621,-31.092294961019462
2014-03-19,3705.510009765625,3709.010009765625,3661.06005859375,3682.739990234375,3682.739990234375,1992750000,-0.3040084396412235,-30.88217092734179
2014-03-18,3667.39990234375,3708.260009765625,3664.7900390625,3706.6201171875,3706.6201171875,1962890000,0.6484336938379798,-31.327466771209345
2014-03-17,3653.18994140625,3678.320068359375,3651.139892578125,3662.510009765625,3662.510009765625,1810410000,-1.1900358285257706,-30.500396589946387
2014-03-14,3643.2099609375,3656.93994140625,3626.860107421875,3627.8701171875,3627.8701171875,2196890000,-0.9457965298596327,-29.83679543594121
2014-03-13,3719.360107421875,3720.6201171875,3636.7900390625,3651.489990234375,3651.489990234375,2383600000,0.6510672180619848,-30.29065016066924
2014-03-12,3678.360107421875,3707.199951171875,3661.8701171875,3707.06005859375,3707.06005859375,2131880000,1.5218463834761442,-31.335616596235617
2014-03-11,3715.889892578125,3725.7099609375,3681.3701171875,3691.5,3691.5,2477780000,-0.41974120591001807,-31.046189038585258
2014-03-10,3702.139892578125,3709.780029296875,3683.969970703125,3706.340087890625,3706.340087890625,2111610000,0.4020069860659614,-31.322278277779535
2014-03-07,3736.929931640625,3737.360107421875,3686.93994140625,3703.39990234375,3703.39990234375,2175560000,-0.07932854182705062,-31.26775398925422
2014-03-06,3735.85009765625,3738.320068359375,3709.409912109375,3720.929931640625,3720.929931640625,2136260000,0.4733496181652086,-31.59156505485985
2014-03-05,3721.530029296875,3732.97998046875,3715.3798828125,3727.18994140625,3727.18994140625,2215980000,0.16823777605683432,-31.706460586759178
2014-03-04,3710.18994140625,3723.0,3706.820068359375,3719.929931640625,3719.929931640625,2477850000,-0.19478507615005025,-31.57317534424641
2014-03-03,3657.320068359375,3678.3798828125,3637.669921875,3668.3701171875,3668.3701171875,2077500000,-1.386042624474526,-30.611420049616513
2014-02-28,3703.47998046875,3722.3798828125,3664.830078125,3696.10009765625,3696.10009765625,2617730000,0.7559210107733083,-31.1320076733117
2014-02-27,3678.31005859375,3704.64990234375,3672.639892578125,3699.800048828125,3699.800048828125,2049160000,0.10010419290920058,-31.200878478639282
2014-02-26,3691.840087890625,3702.090087890625,3663.75,3676.60009765625,3676.60009765625,2108270000,-0.6270595941859969,-30.766744708969583
2014-02-25,3689.679931640625,3697.60009765625,3669.530029296875,3679.139892578125,3679.139892578125,2137150000,0.06907998842446972,-30.814538018098105
2014-02-24,3670.070068359375,3701.27001953125,3668.340087890625,3685.81005859375,3685.81005859375,2161300000,0.18129688488008888,-30.93974211433497
2014-02-21,3683.419921875,3687.159912109375,3661.4599609375,3662.60009765625,3662.60009765625,2138250000,-0.6297112593576015,-30.502106051122478
2014-02-20,3654.85009765625,3676.889892578125,3640.6298828125,3671.929931640625,3671.929931640625,1992780000,0.254732532507318,-30.678689979704423
2014-02-19,3668.719970703125,3679.68994140625,3646.1298828125,3652.85009765625,3652.85009765625,1956720000,-0.5196132371689921,-30.316605839538024
2014-02-18,3668.989990234375,3685.179931640625,3658.639892578125,3679.429931640625,3679.429931640625,1886210000,0.7276464479456513,-30.819991712530303
2014-02-14,3652.8798828125,3671.0400390625,3643.7900390625,3663.8798828125,3663.8798828125,1881510000,-0.4226211428679516,-30.526381512084953
2014-02-13,3601.75,3659.56005859375,3600.860107421875,3659.56005859375,3659.56005859375,2249990000,-0.1179029978306434,-30.444373343096576
2014-02-12,3626.139892578125,3635.919921875,3618.06005859375,3627.360107421875,3627.360107421875,2035890000,-0.8798858512038876,-29.826930432617715
2014-02-11,3587.580078125,3628.590087890625,3585.080078125,3621.719970703125,3621.719970703125,1993950000,-0.15548874530570966,-29.717649287323223
2014-02-10,3558.590087890625,3582.840087890625,3557.780029296875,3582.110107421875,3582.110107421875,1811970000,-1.0936754802045034,-28.940488837384514
2014-02-07,3522.330078125,3563.139892578125,3508.830078125,3561.909912109375,3561.909912109375,2055850000,-0.5639188831925268,-28.537498295873153
2014-02-06,3465.830078125,3502.52001953125,3465.419921875,3497.60009765625,3497.60009765625,1942700000,-1.8054868326257134,-27.223528689105326
2014-02-05,3457.0400390625,3469.35009765625,3418.8798828125,3454.89990234375,3454.89990234375,2168360000,-1.2208426955704121,-26.32406137399682
2014-02-04,3460.1298828125,3480.739990234375,3449.18994140625,3470.199951171875,3470.199951171875,2173360000,0.4428507123388936,-26.648897255011438
2014-02-03,3524.22998046875,3533.47998046875,3433.639892578125,3440.5,3440.5,2617030000,-0.8558570569354496,-26.0156973800138
2014-01-31,3488.3701171875,3539.43994140625,3488.0400390625,3521.919921875,3521.919921875,2300570000,2.3665142239500003,-27.726070208731812
2014-01-30,3514.25,3544.2099609375,3508.010009765625,3532.409912109375,3532.409912109375,2168410000,0.2978486299254124,-27.940697852910734
2014-01-29,3472.419921875,3500.820068359375,3461.639892578125,3467.820068359375,3467.820068359375,2231850000,-1.8284923142294685,-26.598558129780148
2014-01-28,3484.389892578125,3509.800048828125,3483.7099609375,3505.719970703125,3505.719970703125,2091180000,1.0929027918590961,-27.39209198360185
2014-01-27,3543.5,3548.47998046875,3482.889892578125,3509.02001953125,3509.02001953125,2398280000,0.09413326950535872,-27.460375903450828
2014-01-24,3596.929931640625,3601.0,3541.3798828125,3541.47998046875,3541.47998046875,2489470000,0.9250434809954688,-28.125248605705455
2014-01-23,3612.530029296875,3613.8798828125,3588.830078125,3613.760009765625,3613.760009765625,2191980000,2.040955467643446,-29.56283968049909
2014-01-22,3623.31005859375,3634.64990234375,3615.47998046875,3627.719970703125,3627.719970703125,2026910000,0.3863001665792787,-29.83389147461485
2014-01-21,3611.6298828125,3617.699951171875,3586.050048828125,3617.699951171875,3617.699951171875,2034030000,-0.2762070835723329,-29.639550930250902
2014-01-17,3597.409912109375,3608.719970703125,3580.389892578125,3591.25,3591.25,2150370000,-0.7311261721223539,-29.12133848546815
2014-01-16,3605.429931640625,3614.659912109375,3599.8701171875,3611.2900390625,3611.2900390625,2005850000,0.5580240602158115,-29.514663621384862
2014-01-15,3593.81005859375,3615.699951171875,3592.6201171875,3609.840087890625,3609.840087890625,2101870000,-0.040150504561842215,-29.486352035942343
2014-01-14,3526.199951171875,3581.60009765625,3525.469970703125,3580.64990234375,3580.64990234375,2034180000,-0.808628217210916,-28.911510450254063
2014-01-13,3559.389892578125,3572.39990234375,3499.3701171875,3512.800048828125,3512.800048828125,2322240000,-1.8949033099050827,-27.53843383457638
2014-01-10,3565.679931640625,3568.469970703125,3536.449951171875,3565.080078125,3565.080078125,2143070000,1.4882722776753399,-28.601044692960855
2014-01-09,3576.330078125,3579.39990234375,3541.81005859375,3552.580078125,3552.580078125,2214770000,-0.3506232602375148,-28.349822504660725
2014-01-08,3558.300048828125,3575.14990234375,3551.1201171875,3567.5400390625,3567.5400390625,2345220000,0.42110130126598033,-28.650277116174184
2014-01-07,3539.2900390625,3562.989990234375,3535.5,3557.85009765625,3557.85009765625,2278220000,-0.27161408982522284,-28.455953405191558
2014-01-06,3539.02001953125,3542.52001953125,3512.449951171875,3526.9599609375,3526.9599609375,2292840000,-0.8682247950552835,-27.829349926500857
2014-01-03,3564.93994140625,3567.510009765625,3537.610107421875,3538.72998046875,3538.72998046875,1667480000,0.3337157115931966,-28.06939366129737
2014-01-02,3575.60009765625,3577.030029296875,3553.64990234375,3563.570068359375,3563.570068359375,1738820000,0.701949231157073,-28.57079044856524
2013-12-31,3576.239990234375,3592.0,3575.25,3592.0,3592.0,1401140000,0.7977935355628851,-29.136137760561663
2013-12-30,3570.860107421875,3574.199951171875,3559.3701171875,3570.080078125,3570.080078125,1349470000,-0.6102428138919813,-28.70104098680385
2013-12-27,3589.1201171875,3591.31005859375,3571.050048828125,3574.02001953125,3574.02001953125,1255020000,0.11036002890778551,-28.779639796912203
2013-12-26,3579.6201171875,3586.719970703125,3572.10009765625,3584.580078125,3584.580078125,1180670000,0.2954672479740239,-28.989452706770813
2013-12-24,3570.52001953125,3574.510009765625,3564.590087890625,3572.800048828125,3572.800048828125,802270000,-0.3286306635681857,-28.755320844906407
2013-12-23,3563.18994140625,3570.280029296875,3552.300048828125,3569.39990234375,3569.39990234375,1779400000,-0.09516755591990611,-28.687454438230997
2013-12-20,3502.4599609375,3540.969970703125,3502.2900390625,3531.18994140625,3531.18994140625,3510420000,-1.0704869721212984,-27.91580249498159
2013-12-19,3499.81005859375,3502.22998046875,3483.030029296875,3498.6298828125,3498.6298828125,1813050000,-0.9220704389745538,-27.244949683148846
2013-12-18,3468.14990234375,3510.52001953125,3422.860107421875,3509.6298828125,3509.6298828125,2178330000,0.31440879339763583,-27.472981008447462
2013-12-17,3474.72998046875,3482.340087890625,3461.070068359375,3469.320068359375,3469.320068359375,1861130000,-1.1485488726469928,-26.63029407821842
2013-12-16,3470.429931640625,3494.409912109375,3470.110107421875,3475.7900390625,3475.7900390625,1943830000,0.18649102924033212,-26.76686730113348
2013-12-13,3476.8798828125,3477.830078125,3449.739990234375,3456.39990234375,3456.39990234375,1615340000,-0.5578627161259675,-26.356035078157635
2013-12-12,3471.89990234375,3478.949951171875,3457.9599609375,3460.2900390625,3460.2900390625,1893270000,0.11254880305118231,-26.438827297544655
2013-12-11,3514.239990234375,3519.219970703125,3464.39990234375,3468.989990234375,3468.989990234375,1923520000,0.2514225996567587,-26.623312871864226
2013-12-10,3510.7099609375,3520.72998046875,3507.419921875,3514.199951171875,3514.199951171875,1864860000,1.303260057387634,-27.56729932820686
2013-12-09,3515.669921875,3524.010009765625,3511.280029296875,3516.169921875,3516.169921875,1717120000,0.05605744495182918,-27.607880500744606
2013-12-06,3511.06005859375,3511.10009765625,3485.739990234375,3504.260009765625,3504.260009765625,1727130000,-0.33871833199187185,-27.361841742705884
2013-12-05,3484.27001953125,3489.080078125,3468.840087890625,3477.72998046875,3477.72998046875,1880950000,-0.7570793612044047,-26.807718082312526
2013-12-04,3463.719970703125,3493.10009765625,3453.219970703125,3483.010009765625,3483.010009765625,1886970000,0.1518240152780237,-26.91867308724992
2013-12-03,3478.989990234375,3487.02001953125,3465.35009765625,3479.340087890625,3479.340087890625,1875010000,-0.1053663889770684,-26.84158871104174
2013-12-02,3496.18994140625,3501.070068359375,3476.679931640625,3481.14990234375,3481.14990234375,1680380000,0.052016026240830904,-26.879623025516185
2013-11-29,3481.31005859375,3495.969970703125,3481.31005859375,3487.820068359375,3487.820068359375,853500000,0.19160812383098857,-27.019459669604974
2013-11-27,3454.81005859375,3471.64990234375,3451.969970703125,3470.47998046875,3470.47998046875,1477020000,-0.49716119383365065,-26.65481587659758
2013-11-26,3429.639892578125,3455.5400390625,3422.469970703125,3445.760009765625,3445.760009765625,1907680000,-0.7122925601716346,-26.12863564419389
2013-11-25,3433.919921875,3437.489990234375,3420.360107421875,3427.489990234375,3427.489990234375,1795760000,-0.5302174115281111,-25.734868988878766
2013-11-22,3409.52001953125,3422.1298828125,3406.39990234375,3422.02001953125,3422.02001953125,1730280000,-0.15959115033771232,-25.61615896129973
2013-11-21,3382.5,3404.949951171875,3380.64990234375,3402.739990234375,3402.739990234375,1684250000,-0.5634107686931622,-25.194697833339298
2013-11-20,3386.06005859375,3397.68994140625,3359.31005859375,3367.169921875,3367.169921875,1721160000,-1.0453360662718403,-24.40447049897593
2013-11-19,3385.820068359375,3400.639892578125,3371.60009765625,3378.1298828125,3378.1298828125,1747840000,0.3254947386616358,-24.649731657996565
2013-11-18,3423.469970703125,3429.199951171875,3383.449951171875,3388.8701171875,3388.8701171875,1829870000,0.3179343230597764,-24.88853678012497
2013-11-15,3419.77001953125,3422.580078125,3409.010009765625,3422.580078125,3422.580078125,1899150000,0.9947256687865336,-25.628330863332383
2013-11-14,3393.25,3418.570068359375,3390.3798828125,3415.139892578125,3415.139892578125,1965350000,-0.21738528762053067,-25.466305577337465
2013-11-13,3346.449951171875,3405.60009765625,3346.409912109375,3405.56005859375,3405.56005859375,1827220000,-0.2805107341340318,-25.256642436319165
2013-11-12,3351.25,3370.360107421875,3348.85009765625,3365.22998046875,3365.22998046875,1776860000,-1.1842421637295542,-24.36089222983605
2013-11-11,3359.830078125,3369.889892578125,3350.739990234375,3362.97998046875,3362.97998046875,1595340000,-0.0668602149944797,-24.31028592427632
2013-11-08,3333.919921875,3366.840087890625,3324.699951171875,3366.840087890625,3366.840087890625,1981740000,0.11478234911577179,-24.397064749357476
2013-11-07,3386.360107421875,3389.2099609375,3318.39990234375,3321.409912109375,3321.409912109375,2303320000,-1.3493416555376947,-23.362969371520226
2013-11-06,3396.47998046875,3401.27001953125,3374.280029296875,3385.3798828125,3385.3798828125,2020160000,1.9259884324996923,-24.811098909055453
2013-11-05,3372.949951171875,3395.929931640625,3361.909912109375,3388.820068359375,3388.820068359375,1934630000,0.1016188925898831,-24.887427473452707
2013-11-04,3388.699951171875,3390.179931640625,3374.3798828125,3384.75,3384.75,1817880000,-0.1201028168292595,-24.797106680238567
2013-11-01,3392.320068359375,3394.909912109375,3364.64990234375,3379.760009765625,3379.760009765625,1949460000,-0.14742566613117347,-24.686074624063558
2013-10-31,3378.510009765625,3400.39990234375,3367.760009765625,3377.72998046875,3377.72998046875,2139650000,-0.060064303116469375,-24.64081065214755
2013-10-30,3402.489990234375,3408.280029296875,3372.22998046875,3385.3798828125,3385.3798828125,1923000000,0.2264805768366518,-24.811098909055453
2013-10-29,3397.8798828125,3399.090087890625,3375.570068359375,3391.75,3391.75,1897380000,0.1881655060290477,-24.952312769495833
2013-10-28,3382.179931640625,3390.469970703125,3370.39990234375,3382.679931640625,3382.679931640625,1904810000,-0.26741559252230207,-24.751085438755283
2013-10-25,3394.159912109375,3400.0400390625,3368.590087890625,3383.830078125,3383.830078125,2225780000,0.034001043776465956,-24.776662158784802
2013-10-24,3347.969970703125,3367.389892578125,3344.06005859375,3362.3798828125,3362.3798828125,2054350000,-0.6339028502396205,-24.296777272189964
2013-10-23,3348.60009765625,3355.469970703125,3330.199951171875,3346.050048828125,3346.050048828125,1915030000,-0.48566296948920895,-23.927320437657475
2013-10-22,3374.169921875,3384.35009765625,3344.179931640625,3366.929931640625,3366.929931640625,1890500000,0.6240158547482721,-24.39908215136817
2013-10-21,3361.760009765625,3369.739990234375,3351.050048828125,3361.179931640625,3361.179931640625,1674470000,-0.17077872473568734,-24.26975099788319
2013-10-18,3330.610107421875,3355.6298828125,3321.780029296875,3353.8798828125,3353.8798828125,1943090000,-0.2171870883616145,-24.104916676202613
2013-10-17,3265.909912109375,3301.60009765625,3264.22998046875,3301.280029296875,3301.280029296875,1975140000,-1.5683284838309608,-22.89566746681696
2013-10-16,3261.47998046875,3283.179931640625,3258.800048828125,3281.669921875,3281.669921875,1744000000,-0.5940152682549549,-22.434919043098656
2013-10-15,3253.9599609375,3269.969970703125,3241.35009765625,3244.659912109375,3244.659912109375,1745560000,-1.1277797781831467,-21.55017781244679
2013-10-14,3213.3798828125,3257.18994140625,3212.050048828125,3256.02001953125,3256.02001953125,1455160000,0.35011704553311596,-21.82388571409719
2013-10-11,3203.489990234375,3237.010009765625,3201.929931640625,3233.830078125,3233.830078125,1750350000,-0.6815050667116185,-21.287455736805892
2013-10-10,3179.27001953125,3216.030029296875,3178.669921875,3210.840087890625,3210.840087890625,1902410000,-0.710921405236753,-20.723864721869223
2013-10-09,3161.35009765625,3161.760009765625,3117.68994140625,3142.5400390625,3142.5400390625,2242700000,-2.127170676786805,-19.00087508829349
2013-10-08,3217.14990234375,3217.14990234375,3152.260009765625,3153.8701171875,3153.8701171875,2087580000,0.36053886296323334,-19.2918593010881
2013-10-07,3215.77001953125,3240.110107421875,3213.010009765625,3215.68994140625,3215.68994140625,1475990000,1.9601258746152261,-20.843427755118526
2013-10-04,3214.050048828125,3246.159912109375,3212.010009765625,3242.570068359375,3242.570068359375,1549600000,0.8359054337611305,-21.499616724442227
2013-10-03,3247.85009765625,3254.909912109375,3197.3701171875,3213.830078125,3213.830078125,1884340000,-0.8863336683088696,-20.79761935871639
2013-10-02,3231.570068359375,3256.7099609375,3228.43994140625,3253.260009765625,3253.260009765625,1792980000,1.226882899285986,-21.75756244506243
2013-10-01,3220.919921875,3254.330078125,3220.919921875,3253.050048828125,3253.050048828125,1843320000,-0.006453862798228016,-21.752512459573513
2013-09-30,3190.39990234375,3229.449951171875,3186.860107421875,3218.199951171875,3218.199951171875,1895760000,-1.071305302197989,-20.905165301685734
2013-09-27,3217.43994140625,3235.2900390625,3210.800048828125,3230.300048828125,3230.300048828125,1699720000,0.3759896165508314,-21.201439706381276
2013-09-26,3222.97998046875,3240.989990234375,3221.169921875,3234.0400390625,3234.0400390625,1817960000,0.11577841617937956,-21.292565926966468
2013-09-25,3221.199951171875,3226.6201171875,3202.75,3208.550048828125,3208.550048828125,1821790000,-0.7881779423412505,-20.667282950119315
2013-09-24,3226.22998046875,3236.840087890625,3209.389892578125,3218.659912109375,3218.659912109375,1810950000,0.31509133806226775,-20.91646830831354
2013-09-23,3242.320068359375,3243.429931640625,3205.5,3219.340087890625,3219.340087890625,1728620000,0.021132266217094298,-20.933176919856244
2013-09-20,3244.429931640625,3248.52001953125,3224.72998046875,3224.72998046875,3224.72998046875,2711270000,0.16742228006287885,-21.065331142218035
2013-09-19,3240.929931640625,3245.1201171875,3231.679931640625,3237.610107421875,3237.610107421875,1775980000,0.39941722349270403,-21.37935553742253
2013-09-18,3198.449951171875,3235.719970703125,3190.010009765625,3231.31005859375,3231.31005859375,1828820000,-0.19458948480802762,-21.226069752390664
2013-09-17,3177.780029296875,3195.14990234375,3176.580078125,3190.830078125,3190.830078125,1338800000,-1.2527420685332413,-20.226716267624813
2013-09-16,3203.18994140625,3204.590087890625,3163.1298828125,3168.68994140625,3168.68994140625,1542500000,-0.6938676199191418,-19.669327743976904
2013-09-13,3180.449951171875,3182.110107421875,3161.64990234375,3178.280029296875,3178.280029296875,1460190000,0.30265150797206264,-19.911716142779724
2013-09-12,3179.60009765625,3186.300048828125,3170.139892578125,3175.570068359375,3175.570068359375,1653860000,-0.08526501480423665,-19.843370580838904
2013-09-11,3163.77001953125,3180.3701171875,3159.31005859375,3179.860107421875,3179.860107421875,1722380000,0.1350950843517884,-19.951512153018104
2013-09-10,3186.530029296875,3189.239990234375,3173.110107421875,3185.070068359375,3185.070068359375,1842570000,0.1638424572621755,-20.08245102903584
2013-09-09,3146.02001953125,3174.8701171875,3146.02001953125,3169.929931640625,3169.929931640625,1664290000,-0.47534705340246397,-19.700750914604114
2013-09-06,3140.97998046875,3148.989990234375,3098.02001953125,3133.3798828125,3133.3798828125,1647310000,-1.1530238717045727,-18.764081380523045
2013-09-05,3127.070068359375,3138.06005859375,3125.3798828125,3129.93994140625,3129.93994140625,1550180000,-0.10978373305832179,-18.674799539540388
2013-09-04,3100.280029296875,3128.800048828125,3092.9599609375,3124.5400390625,3124.5400390625,1855980000,-0.1725241520552534,-18.534251447634954
2013-09-03,3097.64990234375,3112.419921875,3077.1298828125,3091.760009765625,3091.760009765625,1628810000,-1.0491153541661968,-17.670520234408983
2013-08-30,3095.169921875,3095.43994140625,3063.070068359375,3073.81005859375,3073.81005859375,1328320000,-0.5805738839747665,-17.189745523666346
2013-08-29,3065.8701171875,3109.070068359375,3065.8701171875,3093.360107421875,3093.360107421875,1344900000,0.6360200681062578,-17.713106678611567
2013-08-28,3060.9599609375,3085.679931640625,3060.5400390625,3072.169921875,3072.169921875,1370650000,-0.6850216208592608,-17.145535684201228
2013-08-27,3086.169921875,3102.27001953125,3053.260009765625,3059.580078125,3059.580078125,1640040000,-0.4098029754264432,-16.804598453244644
2013-08-26,3127.010009765625,3147.8701171875,3118.52001953125,3122.669921875,3122.669921875,1404230000,2.0620425724782177,-18.485462910782857
2013-08-23,3126.25,3127.050048828125,3112.8701171875,3124.27001953125,3124.27001953125,1499890000,0.05124133181804158,-18.527210653113503
2013-08-22,3085.610107421875,3103.639892578125,3085.419921875,3101.820068359375,3101.820068359375,927400000,-0.7185662900943246,-17.937537460483245
2013-08-21,3073.239990234375,3098.6201171875,3061.419921875,3071.469970703125,3071.469970703125,1438510000,-0.9784609354308138,-17.126654145411624
2013-08-20,3077.14990234375,3096.419921875,3073.050048828125,3082.169921875,3082.169921875,1308280000,0.34836580770560843,-17.414354297113377
2013-08-19,3074.3798828125,3101.02001953125,3069.469970703125,3069.760009765625,3069.760009765625,1351050000,-0.4026355594900388,-17.080490867591713
2013-08-16,3076.830078125,3090.68994140625,3070.429931640625,3073.909912109375,3073.909912109375,1520430000,0.13518654000794772,-17.19243554883809
2013-08-15,3089.340087890625,3092.27001953125,3068.070068359375,3076.22998046875,3076.22998046875,1742510000,0.07547613383969143,-17.25488836004526
2013-08-14,3141.969970703125,3144.429931640625,3125.409912109375,3129.449951171875,3129.449951171875,1489370000,1.730038750061702,-18.662066134419376
2013-08-13,3130.080078125,3149.239990234375,3106.27001953125,3141.06005859375,3141.06005859375,1644730000,0.37099514620859697,-18.96271054491674
2013-08-12,3107.06005859375,3130.610107421875,3106.25,3125.929931640625,3125.929931640625,1422420000,-0.4816885596227283,-18.57047383321635
2013-08-09,3124.739990234375,3136.699951171875,3109.860107421875,3118.570068359375,3118.570068359375,1546570000,-0.23544556155125074,-18.37829916132906
2013-08-08,3134.06005859375,3137.659912109375,3111.360107421875,3130.1298828125,3130.1298828125,1702950000,0.3706767588905313,-18.679734485858056
2013-08-07,3117.1298828125,3123.919921875,3096.409912109375,3118.68994140625,3118.68994140625,1659780000,-0.365478169741984,-18.38143645363912
2013-08-06,3136.14990234375,3141.050048828125,3111.5,3122.199951171875,3122.199951171875,1444200000,0.11254757066494481,-18.473192894477087
2013-08-05,3136.77001953125,3145.25,3133.52001953125,3143.18994140625,3143.18994140625,1471860000,0.6722820627326209,-19.017622889763697
2013-08-02,3125.489990234375,3143.52001953125,3118.0400390625,3143.52001953125,3143.52001953125,1683270000,0.010501373800275715,-19.026126258925814
2013-08-01,3113.219970703125,3128.669921875,3111.280029296875,3126.300048828125,3126.300048828125,1863290000,-0.5477926208878658,-18.580114132206717
2013-07-31,3094.820068359375,3110.010009765625,3087.469970703125,3090.18994140625,3090.18994140625,1942380000,-1.1550429215970714,-17.62869014833831
2013-07-30,3080.199951171875,3099.3798828125,3076.389892578125,3085.330078125,3085.330078125,1763580000,-0.15726746165766192,-17.498942829886133
2013-07-29,3067.47998046875,3083.340087890625,3062.909912109375,3068.949951171875,3068.949951171875,1545720000,-0.5309035512686355,-17.058604013120004
2013-07-26,3046.1201171875,3076.22998046875,3044.3798828125,3076.22998046875,3076.22998046875,1796060000,0.2372156409424342,-17.25488836004526
2013-07-25,3054.169921875,3063.760009765625,3040.25,3061.669921875,3061.669921875,2203970000,-0.47330852004541235,-16.861386217565343
2013-07-24,3060.47998046875,3060.6298828125,3034.6201171875,3041.159912109375,3041.159912109375,1856660000,-0.6698961772164003,-16.300687724273843
2013-07-23,3059.14990234375,3059.3701171875,3029.070068359375,3031.39990234375,3031.39990234375,1620350000,-0.3209305017721098,-16.03120625317015
2013-07-22,3061.5,3061.550048828125,3044.760009765625,3055.22998046875,3055.22998046875,1507010000,0.7861080323508407,-16.68614317374264
2013-07-19,3043.06005859375,3049.75,3035.989990234375,3044.929931640625,3044.929931640625,1785460000,-0.3371284287588927,-16.404318365738767
2013-07-18,3081.340087890625,3091.2099609375,3071.889892578125,3077.820068359375,3077.820068359375,1719390000,1.0801607083624543,-17.29763679793469
2013-07-17,3084.93994140625,3090.889892578125,3075.9599609375,3085.280029296875,3085.280029296875,1564340000,0.24237807187592608,-17.49760451336665
2013-07-16,3083.570068359375,3085.199951171875,3069.169921875,3077.469970703125,3077.469970703125,1590540000,-0.253139375343181,-17.288228451533584
2013-07-15,3077.02001953125,3082.25,3068.030029296875,3079.85009765625,3079.85009765625,1449130000,0.07734037946049988,-17.352148613411934
2013-07-12,3061.889892578125,3079.070068359375,3054.030029296875,3079.070068359375,3079.070068359375,1615820000,-0.025326859169816363,-17.331211205696604
2013-07-11,3032.090087890625,3060.669921875,3030.389892578125,3059.4599609375,3059.4599609375,1744210000,-0.6368840911867846,-16.801332125927303
2013-07-10,2981.219970703125,3004.280029296875,2981.090087890625,3000.659912109375,3000.659912109375,1567340000,-1.9219094081593058,-15.170995507742724
2013-07-09,2981.10009765625,2989.929931640625,2966.679931640625,2984.320068359375,2984.320068359375,1633520000,-0.544541675118182,-14.706537055860402
2013-07-08,2976.610107421875,2978.820068359375,2955.3701171875,2966.1298828125,2966.1298828125,1521720000,-0.6095252898552173,-14.18346356340151
2013-07-05,2958.260009765625,2963.820068359375,2934.219970703125,2963.219970703125,2963.219970703125,1254400000,-0.09810467593602823,-14.099190852961385
2013-07-03,2918.949951171875,2953.85009765625,2916.27001953125,2941.409912109375,2941.409912109375,935980000,-0.7360256345928629,-13.46225083551108
2013-07-02,2924.7900390625,2945.929931640625,2913.47998046875,2929.6298828125,2929.6298828125,1685190000,-0.4004892092182799,-13.114282914230646
2013-07-01,2933.47998046875,2951.0,2924.260009765625,2927.35009765625,2927.35009765625,1586750000,-0.07781819709120619,-13.046617359550028
2013-06-28,2896.699951171875,2927.489990234375,2891.570068359375,2909.60009765625,2909.60009765625,3630410000,-0.6063504332539993,-12.516158708853919
2013-06-27,2909.8798828125,2924.340087890625,2905.300048828125,2906.840087890625,2906.840087890625,1689800000,-0.0948587322308736,-12.43309385182797
2013-06-26,2892.429931640625,2899.580078125,2883.9599609375,2893.85009765625,2893.85009765625,1671280000,-0.44687667163009204,-12.040021226317599
2013-06-25,2874.659912109375,2880.929931640625,2851.989990234375,2866.5,2866.5,1657280000,-0.945111071178184,-11.200769871249783
2013-06-24,2852.64990234375,2869.919921875,2825.179931640625,2848.199951171875,2848.199951171875,2030960000,-0.6384109132435034,-10.630223464707145
2013-06-21,2887.070068359375,2898.39990234375,2853.68994140625,2877.93994140625,2877.93994140625,2921900000,1.0441679216425248,-11.55375082647313
2013-06-20,2927.6298828125,2938.10009765625,2882.449951171875,2890.330078125,2890.330078125,2041500000,0.430521031397757,-11.93289822137259
2013-06-19,2998.090087890625,3000.219970703125,2959.5,2959.5,2959.5,1649200000,2.393149571341402,-13.991217042046799
2013-06-18,2974.919921875,3001.889892578125,2974.610107421875,2996.090087890625,2996.090087890625,1675090000,1.2363604625992508,-15.041608998055322
2013-06-17,2967.330078125,2988.590087890625,2956.919921875,2971.260009765625,2971.260009765625,1581830000,-0.8287493832497383,-14.331632934358707
2013-06-14,2958.8701171875,2966.1298828125,2939.679931640625,2943.860107421875,2943.860107421875,1458030000,-0.9221644101726212,-13.534276808084488
2013-06-13,2924.889892578125,2968.97998046875,2914.199951171875,2962.89990234375,2962.89990234375,1584740000,0.6467628972542938,-14.089911386236597
2013-06-12,2977.679931640625,2978.760009765625,2921.8798828125,2926.139892578125,2926.139892578125,1630200000,-1.2406767348619008,-13.010654818764289
2013-06-11,2959.43994140625,2987.85009765625,2952.070068359375,2959.840087890625,2959.840087890625,1560370000,1.151694606193554,-14.001099517012616
2013-06-10,2995.030029296875,3004.669921875,2985.5,2990.489990234375,2990.489990234375,1556520000,1.0355256173854022,-14.882512900799549
2013-06-07,2960.89990234375,2993.1298828125,2955.10009765625,2990.8701171875,2990.8701171875,1646810000,0.012711192960557227,-14.893330973721785
2013-06-06,2940.8701171875,2950.300048828125,2911.93994140625,2950.300048828125,2950.300048828125,1802700000,-1.3564637302781124,-13.723014964132773
2013-06-05,2961.669921875,2975.830078125,2933.219970703125,2937.139892578125,2937.139892578125,1813890000,-0.4460616219434166,-13.336442092094902
2013-06-04,2993.06005859375,3007.300048828125,2962.219970703125,2973.68994140625,2973.68994140625,1871640000,1.2444095332498017,-14.401636290402964
2013-06-03,2984.590087890625,2990.800048828125,2950.8701171875,2990.7900390625,2990.7900390625,2054100000,0.5750464235744657,-14.891052250577863
2013-05-31,3001.68994140625,3023.110107421875,2981.760009765625,2981.760009765625,2981.760009765625,1968270000,-0.3019278912573031,-14.633306392733358
2013-05-30,2998.989990234375,3026.360107421875,2998.77001953125,3011.830078125,3011.830078125,1737320000,1.0084670885950553,-15.485606238939287
2013-05-29,2996.97998046875,3006.89990234375,2979.89990234375,2994.820068359375,2994.820068359375,1794650000,-0.564773221742132,-15.005580517728244
2013-05-28,3024.3798828125,3037.0,3002.219970703125,3011.93994140625,3011.93994140625,1748070000,0.5716494699547603,-15.488688979230291
2013-05-24,2971.360107421875,2991.260009765625,2965.300048828125,2991.02001953125,2991.02001953125,1449210000,-0.6945663685854475,-14.897596304302152
2013-05-23,2967.929931640625,3002.550048828125,2966.64990234375,2991.449951171875,2991.449951171875,1820670000,0.01437408100974924,-14.909827234666773
2013-05-22,3027.449951171875,3053.510009765625,2984.840087890625,2999.1298828125,2999.1298828125,2179330000,0.2567294043350543,-15.127719335262935
2013-05-21,3019.89990234375,3036.7099609375,3011.510009765625,3026.449951171875,3026.449951171875,1776780000,0.910933151509763,-15.893869956283059
2013-05-20,3019.280029296875,3032.860107421875,3011.949951171875,3020.969970703125,3020.969970703125,1745260000,-0.18106958836798803,-15.741303080606883
2013-05-17,3017.7900390625,3028.9599609375,3005.25,3028.9599609375,3028.9599609375,1828610000,0.2644842653803492,-15.9635662251282
2013-05-16,3005.050048828125,3019.0400390625,2997.469970703125,2999.340087890625,2999.340087890625,1945760000,-0.977889223656403,-15.13366750514863
2013-05-15,2990.389892578125,3004.52001953125,2982.77001953125,3002.6201171875,3002.6201171875,1843910000,0.10935836553238598,-15.226374556336374
2013-05-14,2981.889892578125,3005.02001953125,2981.889892578125,2996.050048828125,2996.050048828125,1820520000,-0.21881117500568426,-15.040473618381489
2013-05-13,2972.9599609375,2989.699951171875,2971.72998046875,2982.090087890625,2982.090087890625,1615510000,-0.46594551859907574,-14.642755362191984
2013-05-10,2967.070068359375,2981.02001953125,2962.68994140625,2981.02001953125,2981.02001953125,1689730000,-0.035883166766836894,-14.612115485192856
2013-05-09,2960.550048828125,2980.360107421875,2955.699951171875,2961.1201171875,2961.1201171875,1826220000,-0.6675534620153023,-14.038275014041023
2013-05-08,2952.31005859375,2969.659912109375,2946.7900390625,2968.239990234375,2968.239990234375,1756400000,0.24044526277569034,-14.244470123197972
2013-05-07,2960.080078125,2961.760009765625,2942.25,2952.8798828125,2952.8798828125,1709800000,-0.5174819917665108,-13.79839232687634
2013-05-06,2948.89990234375,2959.6298828125,2947.469970703125,2955.360107421875,2955.360107421875,1500410000,0.0839934134744702,-13.870735236351784
2013-05-03,2938.739990234375,2952.219970703125,2937.239990234375,2944.590087890625,2944.590087890625,1745570000,-0.36442325604256753,-13.555712147898348
2013-05-02,2877.56005859375,2916.300048828125,2877.260009765625,2911.139892578125,2911.139892578125,1757480000,-1.135988178798164,-12.56243170827579
2013-05-01,2885.35009765625,2892.260009765625,2868.760009765625,2873.35009765625,2873.35009765625,1884600000,-1.2981098922184797,-11.412468194638192
2013-04-30,2869.1298828125,2887.8701171875,2859.93994140625,2887.43994140625,2887.43994140625,1984270000,0.4903629307647872,-11.844748867713529
2013-04-29,2849.5400390625,2877.080078125,2849.0400390625,2866.949951171875,2866.949951171875,1594110000,-0.7096248112574033,-11.214706395548612
2013-04-26,2842.2099609375,2848.530029296875,2828.8798828125,2840.550048828125,2840.550048828125,1721970000,-0.920835828785882,-10.389541184435469
2013-04-25,2841.97998046875,2860.68994140625,2841.02001953125,2848.659912109375,2848.659912109375,2012230000,0.28550327020626654,-10.644653620453216
2013-04-24,2827.35009765625,2844.949951171875,2821.800048828125,2834.1201171875,2834.1201171875,1738590000,-0.5104082400313126,-10.186236772256596
2013-04-23,2824.969970703125,2845.39990234375,2810.760009765625,2835.3701171875,2835.3701171875,1684770000,0.04410539950017167,-10.22583202768873
2013-04-22,2791.77001953125,2818.72998046875,2780.820068359375,2810.070068359375,2810.070068359375,1628340000,-0.8923014556286968,-9.417563629410031
2013-04-19,2743.39990234375,2785.64990234375,2743.39990234375,2780.4599609375,2780.4599609375,1738850000,-1.0537142029046431,-8.452919034936535
2013-04-18,2787.969970703125,2788.18994140625,2730.969970703125,2741.949951171875,2741.949951171875,1766000000,-1.3850229928375035,-7.167162896144763
2013-04-17,2811.330078125,2812.4599609375,2765.449951171875,2781.97998046875,2781.97998046875,1902730000,1.459911012590398,-8.502938572126872
2013-04-16,2815.64990234375,2839.3798828125,2810.02001953125,2838.409912109375,2838.409912109375,1515400000,2.0284089762255153,-10.321975667391214
2013-04-15,2841.260009765625,2849.159912109375,2796.389892578125,2797.469970703125,2797.469970703125,1779320000,-1.4423547927869707,-9.009570851591707
2013-04-12,2854.469970703125,2857.35009765625,2834.4599609375,2856.47998046875,2856.47998046875,1471180000,2.109406370170741,-10.889278095941057
2013-04-11,2850.389892578125,2863.659912109375,2848.030029296875,2859.070068359375,2859.070068359375,1829170000,0.0906741131859734,-10.970005254146386
2013-04-10,2812.510009765625,2862.320068359375,2811.85009765625,2859.2099609375,2859.2099609375,1769870000,0.004892939829392873,-10.974361225084373
2013-04-09,2793.860107421875,2815.070068359375,2780.199951171875,2804.669921875,2804.669921875,1498130000,-1.9075213016051862,-9.243155075484456
2013-04-08,2772.300048828125,2786.1298828125,2764.340087890625,2786.1298828125,2786.1298828125,1323520000,-0.6610417474761321,-8.639222193363683
2013-04-05,2749.639892578125,2774.5400390625,2744.260009765625,2771.75,2771.75,1594090000,-0.5161239216164626,-8.165241033981241
2013-04-04,2794.409912109375,2800.590087890625,2779.340087890625,2794.919921875,2794.919921875,1475720000,0.8359311581131124,-8.926552359575368
2013-04-03,2821.969970703125,2825.280029296875,2787.27001953125,2795.0400390625,2795.0400390625,1813910000,0.00429769692362747,-8.930466252125612
2013-04-02,2809.0,2828.639892578125,2808.719970703125,2820.6201171875,2820.6201171875,1580800000,0.9151954092786463,-9.756371794627661
2013-04-01,2819.780029296875,2821.47998046875,2789.760009765625,2797.070068359375,2797.070068359375,1481360000,-0.8349245148122741,-8.99656177960354
2013-03-28,2809.489990234375,2820.669921875,2804.530029296875,2818.68994140625,2818.68994140625,1636800000,0.7729471382015074,-9.694574977952175
2013-03-27,2786.659912109375,2811.7900390625,2783.860107421875,2809.97998046875,2809.97998046875,1420130000,-0.3090074154504019,-9.414659558677485
2013-03-26,2803.22998046875,2807.179931640625,2796.389892578125,2806.5,2806.5,1444500000,-0.12384360361775704,-9.3023363035587
2013-03-25,2810.75,2816.550048828125,2778.780029296875,2789.449951171875,2789.449951171875,1666010000,-0.6075200010021375,-8.747961920906121
2013-03-22,2787.27001953125,2803.9599609375,2783.68994140625,2800.81005859375,2800.81005859375,1681360000,0.407252598925556,-9.118080898400805
2013-03-21,2779.570068359375,2787.85009765625,2768.7900390625,2774.85009765625,2774.85009765625,1692260000,-0.9268733114495498,-8.26783998924492
2013-03-20,2808.929931640625,2811.47998046875,2794.22998046875,2805.909912109375,2805.909912109375,1599120000,1.1193330580040906,-9.283262422097193
2013-03-19,2801.10009765625,2807.0,2763.1201171875,2787.27001953125,2787.27001953125,1690680000,-0.6643083050414944,-8.676593447924951
2013-03-18,2771.530029296875,2803.449951171875,2767.47998046875,2792.300048828125,2792.300048828125,1550510000,0.180464370571487,-8.841102778016518
2013-03-15,2810.0400390625,2810.239990234375,2792.22998046875,2799.409912109375,2799.409912109375,2305230000,0.25462389990051904,-9.072625604778771
2013-03-14,2806.409912109375,2812.2900390625,2801.360107421875,2807.300048828125,2807.300048828125,1651650000,0.28184999576588154,-9.32818411401427
2013-03-13,2801.409912109375,2807.699951171875,2787.719970703125,2798.679931640625,2798.679931640625,1577280000,-0.3070607714732332,-9.048908992302717
2013-03-12,2803.469970703125,2809.530029296875,2788.219970703125,2800.81005859375,2800.81005859375,1673740000,0.07611184576852281,-9.118080898400805
2013-03-11,2798.1298828125,2812.050048828125,2791.389892578125,2811.860107421875,2811.860107421875,1628500000,0.3945304607222422,-9.475228695695437
2013-03-08,2809.330078125,2812.72998046875,2792.1298828125,2804.110107421875,2804.110107421875,1611700000,-0.2756182634955362,-9.22503631710393
2013-03-07,2794.68994140625,2804.030029296875,2790.0400390625,2799.489990234375,2799.489990234375,1675640000,-0.16476233138176255,-9.075226540548552
2013-03-06,2808.110107421875,2808.179931640625,2788.679931640625,2792.56005859375,2792.56005859375,1764020000,-0.24754264758221067,-8.849590403350982
2013-03-05,2776.280029296875,2803.35009765625,2776.1201171875,2799.25,2799.25,1891510000,0.23956302696741538,-9.067431217625256
2013-03-04,2738.2099609375,2759.840087890625,2734.919921875,2759.530029296875,2759.530029296875,1718290000,-1.418950458270074,-7.758571038663509
2013-03-01,2725.3798828125,2751.219970703125,2713.489990234375,2747.75,2747.75,1870250000,-0.4268853453961663,-7.363117763965976
2013-02-28,2742.3798828125,2761.280029296875,2738.219970703125,2738.580078125,2738.580078125,2022530000,-0.33372475206987495,-7.052930386341572
2013-02-27,2714.449951171875,2757.610107421875,2710.18994140625,2741.260009765625,2741.260009765625,1727260000,0.09785843627621027,-7.143798013590952
2013-02-26,2708.800048828125,2718.06005859375,2689.830078125,2713.02001953125,2713.02001953125,1847750000,-1.030182840510252,-6.177252164898539
2013-02-25,2756.18994140625,2763.9599609375,2700.969970703125,2700.969970703125,2700.969970703125,1930990000,-0.4441562812428801,-5.758673393248026
2013-02-22,2726.27001953125,2737.280029296875,2715.469970703125,2737.280029296875,2737.280029296875,1581500000,1.3443340350910216,-7.00878593358717
2013-02-21,2730.10009765625,2731.25,2700.320068359375,2711.510009765625,2711.510009765625,2052630000,-0.9414462260139866,-6.125003320174194
2013-02-20,2781.0,2782.449951171875,2739.27001953125,2739.989990234375,2739.989990234375,2001800000,1.05033654185962,-7.1007580059483155
2013-02-19,2770.699951171875,2782.860107421875,2766.860107421875,2782.860107421875,2782.860107421875,1843840000,1.5646085328885784,-8.531876077709576
2013-02-15,2772.56005859375,2779.070068359375,2756.429931640625,2764.669921875,2764.669921875,1858670000,-0.6536507350248022,-7.930060239729686
2013-02-14,2760.1201171875,2776.489990234375,2759.739990234375,2771.429931640625,2771.429931640625,1924900000,0.2445141719138899,-8.154635172977764
2013-02-13,2770.699951171875,2783.18994140625,2765.0400390625,2773.77001953125,2773.77001953125,1822450000,0.08443611956083785,-8.232120409507237
2013-02-12,2771.159912109375,2776.7099609375,2761.409912109375,2762.6201171875,2762.6201171875,1786800000,-0.40197645317524566,-7.861746325368346
2013-02-11,2774.43994140625,2777.1298828125,2766.31005859375,2774.639892578125,2774.639892578125,1551370000,0.43508607339259875,-8.260890415026934
2013-02-08,2761.050048828125,2780.1298828125,2760.389892578125,2775.56005859375,2775.56005859375,1816480000,0.033163439265981864,-8.291304172669268
2013-02-07,2746.02001953125,2749.139892578125,2716.360107421875,2746.5,2746.5,1955960000,-1.0469980105014653,-7.320956430343162
2013-02-06,2745.3798828125,2758.25,2738.469970703125,2746.35009765625,2746.35009765625,2002740000,-0.005457940788278215,-7.31589778692423
2013-02-05,2727.820068359375,2762.860107421875,2720.7900390625,2754.989990234375,2754.989990234375,2150080000,0.31459545472729555,-7.606563339125671
2013-02-04,2749.39990234375,2755.64990234375,2715.510009765625,2715.679931640625,2715.679931640625,1874750000,-1.4268675651487817,-6.269148216489073
2013-02-01,2751.18994140625,2768.6298828125,2740.64990234375,2763.9599609375,2763.9599609375,2012930000,1.777824725747701,-7.906410815833686
2013-01-31,2736.1298828125,2751.110107421875,2730.070068359375,2731.530029296875,2731.530029296875,2190840000,-1.1733140891673877,-6.813035026532521
2013-01-30,2748.6298828125,2757.090087890625,2732.050048828125,2738.7099609375,2738.7099609375,2014350000,0.2628538424845006,-7.057338383897815
2013-01-29,2739.389892578125,2749.43994140625,2722.52001953125,2743.580078125,2743.580078125,2050670000,0.1778252263643365,-7.222320502479862
2013-01-28,2737.6201171875,2752.5400390625,2735.2099609375,2742.429931640625,2742.429931640625,1935590000,-0.041921374686504365,-7.18341051222946
2013-01-25,2731.330078125,2745.090087890625,2726.72998046875,2736.72998046875,2736.72998046875,1920250000,-0.20784309221949515,-6.9900958513765765
2013-01-24,2724.199951171875,2748.360107421875,2719.830078125,2723.530029296875,2723.530029296875,2046990000,-0.48232566844662594,-6.539310958220989
2013-01-23,2761.97998046875,2769.31005859375,2756.590087890625,2762.169921875,2762.169921875,1698190000,1.4187430343149288,-7.8467290704276715
2013-01-22,2744.27001953125,2747.52001953125,2726.860107421875,2746.18994140625,2746.18994140625,1790730000,-0.5785299572700686,-7.310492502307442
2013-01-18,2735.89990234375,2743.5400390625,2728.070068359375,2743.239990234375,2743.239990234375,1860070000,-0.10741977921470136,-7.210818568478572
2013-01-17,2746.18994140625,2756.679931640625,2740.070068359375,2747.14990234375,2747.14990234375,1766510000,0.1425289848242972,-7.342881818390257
2013-01-16,2725.6298828125,2742.330078125,2721.6201171875,2734.72998046875,2734.72998046875,1692380000,-0.45210208093864335,-6.922074580674975
2013-01-15,2721.2900390625,2726.27001953125,2710.800048828125,2722.97998046875,2722.97998046875,1852870000,-0.42965850683313045,-6.520431663164872
2013-01-14,2733.4599609375,2743.35009765625,2724.070068359375,2735.699951171875,2735.699951171875,1876050000,0.46713419835482384,-6.955076321500286
2013-01-11,2743.570068359375,2749.360107421875,2738.0,2748.260009765625,2748.260009765625,1772600000,0.4591168190199335,-7.380308901059829
2013-01-10,2746.679931640625,2749.18994140625,2719.679931640625,2744.179931640625,2744.179931640625,1754240000,-0.1484604116969268,-7.242600884453521
2013-01-09,2724.169921875,2735.419921875,2720.050048828125,2727.64990234375,2727.64990234375,1732510000,-0.6023668166318941,-6.680475032611454
2013-01-08,2724.760009765625,2730.159912109375,2703.75,2718.719970703125,2718.719970703125,1744380000,-0.3273855502112566,-6.373956896255228
2013-01-07,2713.43994140625,2727.679931640625,2707.110107421875,2724.219970703125,2724.219970703125,1702540000,0.2023010850425111,-6.56298099952457
2013-01-04,2730.530029296875,2732.159912109375,2716.0400390625,2724.489990234375,2724.489990234375,1745140000,0.009911810872620386,-6.572241382261279
2013-01-03,2742.1298828125,2750.820068359375,2723.669921875,2732.260009765625,2732.260009765625,1769420000,0.2851917077728583,-6.837931875342507
2013-01-02,2727.669921875,2746.5,2716.300048828125,2746.469970703125,2746.469970703125,2111300000,0.520080844674764,-7.31994309812285
2012-12-31,2600.919921875,2665.72998046875,2598.570068359375,2660.929931640625,2660.929931640625,1557230000,-3.1145448512077123,-4.340587800776374
2012-12-28,2612.18994140625,2631.7099609375,2604.9599609375,2606.360107421875,2606.360107421875,1143530000,-2.0507802016832666,-2.3377497072543885
2012-12-27,2636.35009765625,2641.110107421875,2599.6298828125,2632.93994140625,2632.93994140625,1342790000,1.0198066609708345,-3.323661447396553
2012-12-26,2657.409912109375,2663.56005859375,2627.52001953125,2637.179931640625,2637.179931640625,1059190000,0.16103634449444737,-3.4790951841849105
2012-12-24,2658.64990234375,2662.030029296875,2653.580078125,2658.050048828125,2658.050048828125,614230000,0.7913801002769061,-4.236944945304987
2012-12-21,2641.9599609375,2667.699951171875,2639.64990234375,2664.669921875,2664.669921875,2843090000,0.24904997743715462,-4.474850309057099
2012-12-20,2697.60009765625,2698.7099609375,2679.550048828125,2693.550048828125,2693.550048828125,1691190000,1.083816299949203,-5.499066826396715
2012-12-19,2709.610107421875,2713.389892578125,2690.989990234375,2690.989990234375,2690.989990234375,1933270000,-0.09504403286895169,-5.4091638810247815
2012-12-18,2675.43994140625,2708.47998046875,2669.830078125,2705.389892578125,2705.389892578125,2022130000,0.5351154183407258,-5.912639851887103
2012-12-17,2629.760009765625,2664.719970703125,2627.3701171875,2664.260009765625,2664.260009765625,1911420000,-1.5202940960685307,-4.460153201618389
2012-12-14,2635.909912109375,2643.969970703125,2620.080078125,2628.090087890625,2628.090087890625,1786980000,-1.3575972969012806,-3.1452558126097263
2012-12-13,2667.360107421875,2688.43994140625,2643.139892578125,2654.010009765625,2654.010009765625,1833990000,0.9862645879009424,-4.091170633323593
2012-12-12,2694.39990234375,2694.429931640625,2668.510009765625,2674.570068359375,2674.570068359375,1756220000,0.7746790147022065,-4.828444700196865
2012-12-11,2665.97998046875,2696.89990234375,2664.10009765625,2682.070068359375,2682.070068359375,1921860000,0.28041890129282265,-5.094577443397396
2012-12-10,2634.5400390625,2661.35009765625,2632.25,2647.570068359375,2647.570068359375,1528430000,-1.2863198619230576,-3.8578822875892205
2012-12-07,2667.43994140625,2671.570068359375,2631.469970703125,2640.5400390625,2640.5400390625,1613570000,-0.26552760136132614,-3.6019187747534764
2012-12-06,2631.159912109375,2663.010009765625,2623.6201171875,2656.300048828125,2656.300048828125,1713460000,0.5968479755080969,-4.173855180118391
2012-12-05,2660.679931640625,2663.43994140625,2624.510009765625,2637.889892578125,2637.889892578125,1800820000,-0.6930751764328003,-3.5050727931306813
2012-12-04,2671.1201171875,2674.030029296875,2651.4599609375,2667.889892578125,2667.889892578125,1781760000,1.137272639180531,-4.590142991964353
2012-12-03,2697.43994140625,2699.0400390625,2669.830078125,2671.840087890625,2671.840087890625,1667330000,0.1480644056371716,-4.7312021712272
2012-11-30,2680.550048828125,2682.360107421875,2668.169921875,2677.8798828125,2677.8798828125,2194240000,0.2260537578296251,-4.946075140337014
2012-11-29,2677.6298828125,2688.949951171875,2667.31005859375,2680.030029296875,2680.030029296875,1758440000,0.08029286519442014,-5.0223354285162
2012-11-28,2627.570068359375,2666.31005859375,2613.219970703125,2665.27001953125,2665.27001953125,1725550000,-0.5507404620200274,-4.496358230589392
2012-11-27,2649.93994140625,2659.35009765625,2637.60009765625,2641.419921875,2641.419921875,1763320000,-0.894847331845372,-3.6340299185082636
2012-11-26,2634.429931640625,2652.070068359375,2626.06005859375,2651.669921875,2651.669921875,1641710000,0.38804886398842164,-4.006531482593145
2012-11-23,2617.8701171875,2640.389892578125,2614.239990234375,2639.590087890625,2639.590087890625,792750000,-0.45555571923647786,-3.5672264675477017
2012-11-21,2596.02001953125,2604.510009765625,2587.860107421875,2600.47998046875,2600.47998046875,1430060000,-1.481673522009963,-2.1169187704418335
2012-11-20,2592.27001953125,2598.469970703125,2570.659912109375,2594.659912109375,2594.659912109375,1588750000,-0.22380746643263505,-1.8973577322789703
2012-11-19,2564.22998046875,2596.75,2562.52001953125,2595.830078125,2595.830078125,1767240000,0.04509901317562015,-1.941581111533297
2012-11-16,2525.889892578125,2541.340087890625,2494.3798828125,2534.159912109375,2534.159912109375,2187730000,-2.375739711752245,0.4447240869605906
2012-11-15,2534.239990234375,2542.169921875,2514.860107421875,2524.360107421875,2524.360107421875,2010300000,-0.38670821997743854,0.8346600057892894
2012-11-14,2574.6201171875,2577.570068359375,2528.360107421875,2531.8701171875,2531.8701171875,2106590000,0.2975015230016087,0.5355651682554585
2012-11-13,2558.860107421875,2586.590087890625,2554.52001953125,2561.860107421875,2561.860107421875,1816260000,1.184499553543028,-0.6413377425898759
2012-11-12,2596.570068359375,2600.64990234375,2575.610107421875,2582.77001953125,2582.77001953125,1379240000,0.8162003869297108,-1.4457380102856354
2012-11-09,2574.8701171875,2610.169921875,2571.860107421875,2584.10009765625,2584.10009765625,1802580000,0.05149812468558945,-1.4964654833107383
2012-11-08,2620.25,2626.419921875,2572.429931640625,2572.570068359375,2572.570068359375,1876420000,-0.44619127979340645,-1.0549814387002643
2012-11-07,2647.510009765625,2651.260009765625,2602.2900390625,2612.68994140625,2612.68994140625,2059690000,1.5595249878834538,-2.5743586600032287
2012-11-06,2676.14990234375,2696.4599609375,2668.449951171875,2681.050048828125,2681.050048828125,1782430000,2.6164645998935754,-5.058470178383246
2012-11-05,2657.72998046875,2678.93994140625,2651.3701171875,2672.909912109375,2672.909912109375,1496210000,-0.3036174845862383,-4.769333223361305
2012-11-02,2701.909912109375,2701.909912109375,2654.969970703125,2656.280029296875,2656.280029296875,1834590000,-0.6221639845458204,-4.173132969176907
2012-11-01,2661.050048828125,2690.719970703125,2657.110107421875,2687.52001953125,2687.52001953125,1880140000,1.1760804542375158,-5.287033654000761
2012-10-31,2663.56005859375,2665.8798828125,2639.6298828125,2647.919921875,2647.919921875,1806780000,-1.4734810296652912,-3.8705849594500408
2012-10-26,2657.909912109375,2675.919921875,2636.830078125,2665.830078125,2665.830078125,1839700000,0.6763858718702442,-4.516422388371355
2012-10-25,2677.1298828125,2679.81005859375,2649.18994140625,2657.659912109375,2657.659912109375,1922660000,-0.30647737388316276,-4.222887208306247
2012-10-24,2685.550048828125,2686.510009765625,2653.429931640625,2655.550048828125,2655.550048828125,1967000000,-0.07938800866268414,-4.146791254644033
2012-10-23,2670.93994140625,2689.47998046875,2658.77001953125,2666.02001953125,2666.02001953125,1830840000,0.39426749677511364,-4.5232251448669825
2012-10-22,2678.889892578125,2699.080078125,2671.5,2694.56005859375,2694.56005859375,1654130000,1.0705110559341646,-5.534488885393552
2012-10-19,2741.580078125,2741.580078125,2675.570068359375,2678.320068359375,2678.320068359375,2225580000,-0.6026954263862461,-4.961697382200958
2012-10-18,2770.050048828125,2775.830078125,2734.60009765625,2744.169921875,2744.169921875,2043290000,2.4586252514607665,-7.242262538122368
2012-10-17,2763.699951171875,2784.81005859375,2760.300048828125,2775.6201171875,2775.6201171875,1770920000,1.1460731735960072,-8.293288556364974
2012-10-16,2746.139892578125,2781.010009765625,2743.449951171875,2778.3798828125,2778.3798828125,1736930000,0.09942879459299281,-8.384380862132657
2012-10-15,2729.199951171875,2742.699951171875,2713.219970703125,2739.8701171875,2739.8701171875,1563440000,-1.3860511250901153,-7.096693537665555
2012-10-12,2719.68994140625,2734.39990234375,2714.169921875,2720.139892578125,2720.139892578125,1524840000,-0.720115325380033,-6.422829995405543
2012-10-11,2750.81005859375,2750.81005859375,2718.489990234375,2719.2099609375,2719.2099609375,1595020000,-0.03418690498832033,-6.390827916685071
2012-10-10,2743.580078125,2749.419921875,2724.3798828125,2728.5400390625,2728.5400390625,1788970000,0.34311723842697095,-6.710918835729817
2012-10-09,2781.81005859375,2781.81005859375,2736.97998046875,2741.919921875,2741.919921875,1645740000,0.49036783851255095,-7.166146198026446
2012-10-08,2797.330078125,2801.85009765625,2781.3798828125,2786.919921875,2786.919921875,1186260000,1.641185785222632,-8.665121245102158
2012-10-05,2840.18994140625,2845.969970703125,2806.43994140625,2811.93994140625,2811.93994140625,1607940000,0.8977660009124699,-9.477798790835601
2012-10-04,2824.889892578125,2835.330078125,2814.449951171875,2828.60009765625,2828.60009765625,1585190000,0.5924790926248757,-10.010965008813265
2012-10-03,2810.159912109375,2822.56005859375,2797.280029296875,2818.840087890625,2818.840087890625,1704050000,-0.34504735306033485,-9.699385127398141
2012-10-02,2807.080078125,2812.2099609375,2779.010009765625,2799.2900390625,2799.2900390625,1609570000,-0.6935494110541951,-9.06873185269842
2012-10-01,2811.449951171875,2827.610107421875,2784.5400390625,2794.280029296875,2794.280029296875,1758170000,-0.17897430047308927,-8.905696460167167
2012-09-28,2812.820068359375,2820.360107421875,2795.5400390625,2799.18994140625,2799.18994140625,1864640000,0.1757129585401751,-9.065480195250409
2012-09-27,2790.780029296875,2827.0,2784.6201171875,2821.60009765625,2821.60009765625,1691800000,0.8005943404734372,-9.787714646204638
2012-09-26,2798.929931640625,2802.280029296875,2768.580078125,2781.6298828125,2781.6298828125,1738010000,-1.4165797228654409,-8.491422695425378
2012-09-25,2851.64990234375,2858.679931640625,2804.1298828125,2804.530029296875,2804.530029296875,1975470000,0.8232636061998644,-9.238628039265784
2012-09-24,2836.35009765625,2849.610107421875,2832.530029296875,2843.97998046875,2843.97998046875,1704860000,1.4066510523963016,-10.497614289778422
2012-09-21,2874.530029296875,2878.3798828125,2859.550048828125,2861.639892578125,2861.639892578125,2526250000,0.6209576801051941,-11.049956416864815
2012-09-20,2850.43994140625,2863.669921875,2842.590087890625,2861.699951171875,2861.699951171875,1809130000,0.0020987474317113453,-11.051823214440649
2012-09-19,2858.5400390625,2871.10009765625,2850.320068359375,2864.030029296875,2864.030029296875,1850920000,0.08142286629475581,-11.124188447649308
2012-09-18,2852.419921875,2859.340087890625,2848.909912109375,2857.3798828125,2857.3798828125,1707200000,-0.23219541751828832,-10.917342599361513
2012-09-17,2857.52001953125,2857.52001953125,2846.169921875,2856.43994140625,2856.43994140625,1485390000,-0.03289522026468372,-10.88802902022551
2012-09-14,2841.820068359375,2865.3701171875,2839.47998046875,2855.22998046875,2855.22998046875,1984720000,-0.04235905400847839,-10.850266036267397
2012-09-13,2796.719970703125,2841.679931640625,2792.179931640625,2831.35009765625,2831.35009765625,1870050000,-0.8363558443926,-10.09836848690332
2012-09-12,2794.3798828125,2798.969970703125,2775.39990234375,2791.679931640625,2791.679931640625,1689140000,-1.4011042311038557,-8.8208536089337
2012-09-11,2789.090087890625,2799.85009765625,2780.239990234375,2784.889892578125,2784.889892578125,1586250000,-0.24322412413910754,-8.598543216220978
2012-09-10,2821.030029296875,2823.340087890625,2787.330078125,2788.35009765625,2788.35009765625,1575370000,0.12424925981262547,-8.711967920377417
2012-09-07,2823.219970703125,2829.949951171875,2817.47998046875,2825.110107421875,2825.110107421875,1740640000,1.318342692925234,-9.899797358216212
2012-09-06,2785.010009765625,2829.7099609375,2784.81005859375,2829.7099609375,2829.7099609375,1918900000,0.16282032702161775,-10.04626033131294
2012-09-05,2769.18994140625,2780.56005859375,2760.659912109375,2766.949951171875,2766.949951171875,1495030000,-2.2178954957218333,-8.00592795100723
2012-09-04,2766.929931640625,2781.080078125,2744.2900390625,2772.030029296875,2772.030029296875,1505960000,0.18359848261253475,-8.17451814234953
2012-08-31,2773.239990234375,2785.080078125,2746.679931640625,2772.239990234375,2772.239990234375,1394760000,0.007574266342036395,-8.18147272215688
2012-08-30,2771.43994140625,2772.6201171875,2751.530029296875,2753.739990234375,2753.739990234375,1216640000,-0.6673303922160034,-7.564623360683386
2012-08-29,2782.97998046875,2790.169921875,2771.989990234375,2784.0,2784.0,1282900000,1.0988695328148834,-8.569327168080997
2012-08-28,2779.169921875,2790.510009765625,2772.25,2782.68994140625,2782.68994140625,1364740000,-0.04705670236171411,-8.526282653169915
2012-08-27,2792.0,2794.27001953125,2777.360107421875,2782.550048828125,2782.550048828125,1383530000,-0.00502724274247246,-8.521683816158621
2012-08-24,2754.429931640625,2785.340087890625,2750.639892578125,2778.050048828125,2778.050048828125,1349740000,-0.16172215848894167,-8.373503468219623
2012-08-23,2773.97998046875,2780.7099609375,2755.139892578125,2762.02001953125,2762.02001953125,1383860000,-0.5770244961438742,-7.841727661604104
2012-08-22,2765.10009765625,2790.300048828125,2759.139892578125,2783.419921875,2783.419921875,1459130000,0.7747917173816177,-8.550272575259054
2012-08-21,2791.739990234375,2802.909912109375,2762.89990234375,2772.199951171875,2772.199951171875,1574220000,-0.4031001795649636,-8.18014658125179
2012-08-20,2777.7099609375,2784.570068359375,2767.72998046875,2784.330078125,2784.330078125,1451550000,0.43756320491952216,-8.580166136238166
2012-08-17,2775.530029296875,2780.77001953125,2767.0400390625,2780.300048828125,2780.300048828125,1640640000,-0.14473963875679674,-8.447653600786575
2012-08-16,2743.8798828125,2774.219970703125,2742.820068359375,2768.090087890625,2768.090087890625,1937430000,-0.4391598289057441,-8.043818993610651
2012-08-15,2724.7099609375,2739.139892578125,2724.7099609375,2735.469970703125,2735.469970703125,1536730000,-1.1784340881895838,-6.947253711348623
2012-08-14,2737.85009765625,2742.830078125,2721.1201171875,2727.7900390625,2727.7900390625,1567830000,-0.28075364463426844,-6.68526920365724
2012-08-13,2721.489990234375,2728.8798828125,2708.3798828125,2728.679931640625,2728.679931640625,1353380000,0.03262320652914763,-6.715701533005392
2012-08-10,2710.550048828125,2722.9599609375,2704.909912109375,2722.9599609375,2722.9599609375,1556460000,-0.20962409833409357,-6.5197443900626535
2012-08-09,2712.969970703125,2724.429931640625,2708.239990234375,2719.610107421875,2719.610107421875,1677970000,-0.12302250358730005,-6.404600986954289
2012-08-08,2707.2900390625,2721.02001953125,2705.469970703125,2714.02001953125,2714.02001953125,1874580000,-0.20554740090755752,-6.211821824355701
2012-08-07,2705.969970703125,2727.31005859375,2701.89990234375,2717.159912109375,2717.159912109375,1899240000,0.11569157764235172,-6.32020146121739
2012-08-06,2686.3798828125,2705.7099609375,2681.719970703125,2694.090087890625,2694.090087890625,1528260000,-0.8490418291516977,-5.518009843776072
2012-08-03,2664.68994140625,2684.580078125,2657.5,2676.0,2676.0,1730210000,-0.6714730131682001,-4.879300013429555
2012-08-02,2616.0400390625,2650.97998046875,2606.5400390625,2625.52001953125,2625.52001953125,1822620000,-1.8863968785033602,-3.05044666560661
2012-08-01,2660.489990234375,2661.840087890625,2625.080078125,2635.1298828125,2635.1298828125,1722530000,0.36601752071063753,-3.4040049318607934
2012-07-31,2643.280029296875,2657.27001953125,2640.260009765625,2642.530029296875,2642.530029296875,1801440000,0.28082663145532205,-3.6745125534897505
2012-07-30,2649.780029296875,2662.6201171875,2634.5,2642.1201171875,2642.1201171875,1483990000,-0.015512107897752703,-3.659568121747636
2012-07-27,2600.030029296875,2649.97998046875,2594.840087890625,2647.030029296875,2647.030029296875,2102610000,0.18583228209176905,-3.8382676634476143
2012-07-26,2588.199951171875,2598.360107421875,2568.330078125,2584.85009765625,2584.85009765625,1981520000,-2.3490451922504874,-1.5250465027495497
2012-07-25,2551.699951171875,2566.4599609375,2535.0400390625,2549.199951171875,2549.199951171875,1784150000,-1.379195896763985,-0.1478903029759171
2012-07-24,2593.389892578125,2596.0400390625,2551.35009765625,2567.4599609375,2567.4599609375,1748410000,0.7163035507367965,-0.8580476280857341
2012-07-23,2575.2900390625,2596.610107421875,2549.9599609375,2589.929931640625,2589.929931640625,1607140000,0.8751829062572769,-1.7181932011500756
2012-07-20,2654.60009765625,2654.60009765625,2618.0400390625,2618.0400390625,2618.0400390625,1810420000,1.085361695637399,-2.773452901349671
2012-07-19,2645.340087890625,2663.1201171875,2639.409912109375,2655.81005859375,2655.81005859375,1735920000,1.4426830364586474,-4.156175498919945
2012-07-18,2586.860107421875,2633.02001953125,2585.47998046875,2625.8701171875,2625.8701171875,1817040000,-1.1273374505593625,-3.0633725948727597
2012-07-17,2591.780029296875,2598.469970703125,2554.340087890625,2591.64990234375,2591.64990234375,1774160000,-1.3031952578219097,-1.7834187658343104
2012-07-16,2579.9599609375,2589.570068359375,2567.449951171875,2577.050048828125,2577.050048828125,1414470000,-0.5633420433223457,-1.2269888666647688
2012-07-13,2545.97998046875,2589.929931640625,2545.97998046875,2584.969970703125,2584.969970703125,1373620000,0.307325109134049,-1.5296130906984895
2012-07-12,2561.679931640625,2561.679931640625,2522.889892578125,2545.300048828125,2545.300048828125,1719460000,-1.5346376292413755,0.005102848780436098
2012-07-11,2580.070068359375,2587.02001953125,2549.050048828125,2570.989990234375,2570.989990234375,1635120000,1.0093089582140946,-0.994171843952607
2012-07-10,2620.330078125,2630.030029296875,2574.260009765625,2585.52001953125,2585.52001953125,1725730000,0.5651530870235177,-1.5505618826302192
2012-07-09,2610.3798828125,2620.219970703125,2597.27001953125,2610.31005859375,2610.31005859375,1455500000,0.9588028278734617,-2.485533346489799
2012-07-06,2635.64990234375,2636.9599609375,2596.10009765625,2612.2900390625,2612.2900390625,1437420000,0.07585230966073997,-2.559444258565935
2012-07-05,2643.6298828125,2660.260009765625,2629.909912109375,2647.469970703125,2647.469970703125,1423990000,1.3467084862158085,-3.8542472697206787
2012-07-03,2623.4599609375,2645.840087890625,2621.77001953125,2645.840087890625,2645.840087890625,1009330000,-0.06156378846734478,-3.795019839239455
2012-07-02,2616.52001953125,2625.260009765625,2604.89990234375,2625.030029296875,2625.030029296875,1845240000,-0.7865198916968796,-3.032349983347471
2012-06-29,2566.840087890625,2615.820068359375,2566.840087890625,2615.719970703125,2615.719970703125,2021190000,-0.3546648415387321,-2.687215751294869
2012-06-28,2565.530029296875,2565.530029296875,2510.3701171875,2536.64990234375,2536.64990234375,1795850000,-3.022879713615534,0.34612696410185606
2012-06-27,2558.669921875,2576.090087890625,2557.090087890625,2565.530029296875,2565.530029296875,1668580000,1.1385145000278207,-0.7834676432050491
2012-06-26,2541.2099609375,2556.919921875,2531.60009765625,2549.840087890625,2549.840087890625,1623160000,-0.6115672483689494,-0.17295815023632422
2012-06-25,2562.97998046875,2563.090087890625,2527.010009765625,2533.5400390625,2533.5400390625,1514430000,-0.6392576893560986,0.46929957272452416
2012-06-22,2562.280029296875,2587.0,2559.260009765625,2585.530029296875,2585.530029296875,3544010000,2.0520690193478464,-1.5509430252935386
2012-06-21,2619.97998046875,2622.760009765625,2554.64990234375,2556.9599609375,2556.9599609375,1822200000,-1.1049985123222306,-0.45092725240201137
2012-06-20,2625.0,2633.2099609375,2603.320068359375,2623.330078125,2623.330078125,1563080000,2.595665094543187,-2.9695137159428064
2012-06-19,2606.429931640625,2630.860107421875,2605.159912109375,2620.830078125,2620.830078125,1835480000,-0.0952987205402267,-2.8769566983265826
2012-06-18,2570.97998046875,2599.52001953125,2554.830078125,2592.52001953125,2592.52001953125,1586190000,-1.0801943563622296,-1.8163828065304366
2012-06-15,2543.85009765625,2572.840087890625,2542.510009765625,2571.22998046875,2571.22998046875,2020100000,-0.821210208681411,-1.0034127255867498
2012-06-14,2529.280029296875,2547.31005859375,2515.169921875,2539.969970703125,2539.969970703125,1633370000,-1.2157609394367053,0.21496163342389352
2012-06-13,2541.719970703125,2557.31005859375,2519.68994140625,2527.43994140625,2527.43994140625,1602080000,-0.49331407226859136,0.7117870513815516
2012-06-12,2523.010009765625,2546.830078125,2510.75,2546.199951171875,2546.199951171875,1594310000,0.7422534343263898,-0.03024191131947296
2012-06-11,2578.72998046875,2579.22998046875,2513.669921875,2517.179931640625,2517.179931640625,1480220000,-1.1397384371912178,1.122287669820543
2012-06-08,2529.419921875,2561.570068359375,2522.389892578125,2559.2099609375,2559.2099609375,1390260000,1.6697268545868837,-0.5384485644869486
2012-06-07,2569.239990234375,2570.47998046875,2531.949951171875,2535.409912109375,2535.409912109375,1655370000,-0.9299764064456206,0.3952031378986698
2012-06-06,2504.080078125,2546.320068359375,2504.080078125,2546.320068359375,2546.320068359375,1761050000,0.43031133537390076,-0.03495777022735069
2012-06-05,2467.81005859375,2492.530029296875,2467.659912109375,2487.5,2487.5,1625600000,-2.3100029367978614,2.328841472989951
2012-06-04,2458.969970703125,2480.969970703125,2443.919921875,2478.1298828125,2478.1298828125,1755750000,-0.37668812814070085,2.7157595449252447
2012-06-01,2510.820068359375,2510.820068359375,2458.72998046875,2458.830078125,2458.830078125,1966370000,-0.7788052120010769,3.5219942315681374
2012-05-31,2535.8701171875,2540.39990234375,2507.580078125,2524.8701171875,2524.8701171875,2180130000,2.685831755924317,0.814291963502134
2012-05-30,2538.580078125,2546.010009765625,2522.449951171875,2537.39990234375,2537.39990234375,1671040000,0.4962546418113334,0.3164668403060178
2012-05-29,2542.659912109375,2570.7900390625,2536.6201171875,2558.969970703125,2558.969970703125,221430000,0.8500854886709375,-0.5291206703289197
2012-05-25,2532.320068359375,2537.56005859375,2520.169921875,2527.050048828125,2527.050048828125,1282680000,-1.2473738355839092,0.7273256349245472
2012-05-24,2553.1201171875,2554.199951171875,2512.35009765625,2531.35009765625,2531.35009765625,1750290000,0.17016080983909276,0.5562183594205905
2012-05-23,2534.659912109375,2553.18994140625,2499.300048828125,2547.080078125,2547.080078125,1929640000,0.6214067537838597,-0.06478581095847868
2012-05-22,2553.580078125,2562.47998046875,2524.110107421875,2539.199951171875,2539.199951171875,1861850000,-0.3093788460285074,0.24535210257368156
2012-05-21,2482.31005859375,2547.68994140625,2478.360107421875,2545.429931640625,2545.429931640625,1870420000,0.24535210257368156,0.0
